freq(Hz)	1.00e+09	eps_r	4	mu_r	1	sigma	0.00e+00
theta(rad)	RCS(m^2)
0.000000000e+00	7.920332697e+00
1.050699884e-02	7.906743936e+00
2.101399768e-02	7.866075017e+00
3.152099652e-02	7.798617600e+00
4.202799537e-02	7.704856351e+00
5.253499421e-02	7.585466785e+00
6.304199305e-02	7.441312239e+00
7.354899189e-02	7.273439953e+00
8.405599073e-02	7.083076196e+00
9.456298957e-02	6.871620363e+00
1.050699884e-01	6.640637885e+00
1.155769873e-01	6.391851784e+00
1.260839861e-01	6.127132623e+00
1.365909849e-01	5.848486585e+00
1.470979838e-01	5.558041353e+00
1.576049826e-01	5.258029525e+00
1.681119815e-01	4.950769244e+00
1.786189803e-01	4.638641871e+00
1.891259791e-01	4.324066563e+00
1.996329780e-01	4.009471801e+00
2.101399768e-01	3.697264067e+00
2.206469757e-01	3.389794069e+00
2.311539745e-01	3.089321134e+00
2.416609734e-01	2.797976606e+00
2.521679722e-01	2.517727285e+00
2.626749710e-01	2.250340125e+00
2.731819699e-01	1.997349534e+00
2.836889687e-01	1.760028695e+00
2.941959676e-01	1.539366313e+00
3.047029664e-01	1.336050119e+00
3.152099652e-01	1.150458269e+00
3.257169641e-01	9.826595546e-01
3.362239629e-01	8.324229542e-01
3.467309618e-01	6.992367104e-01
3.572379606e-01	5.823366282e-01
3.677449595e-01	4.807428438e-01
3.782519583e-01	3.933038398e-01
3.887589571e-01	3.187460508e-01
3.992659560e-01	2.557270267e-01
4.097729548e-01	2.028898386e-01
4.202799537e-01	1.589162340e-01
4.307869525e-01	1.225759998e-01
4.412939513e-01	9.277008518e-02
4.518009502e-01	6.856526924e-02
4.623079490e-01	4.921852848e-02
4.728149479e-01	3.418975420e-02
4.833219467e-01	2.314206049e-02
4.938289455e-01	1.592958695e-02
5.043359444e-01	1.257339532e-02
5.148429432e-01	1.322674898e-02
5.253499421e-01	1.813170598e-02
5.358569409e-01	2.756951052e-02
5.463639398e-01	4.180769742e-02
5.568709386e-01	6.104709848e-02
5.673779374e-01	8.537203638e-02
5.778849363e-01	1.147068985e-01
5.883919351e-01	1.487819981e-01
5.988989340e-01	1.871111639e-01
6.094059328e-01	2.289828735e-01
6.199129316e-01	2.734659938e-01
6.304199305e-01	3.194303504e-01
6.409269293e-01	3.655814728e-01
6.514339282e-01	4.105079948e-01
6.619409270e-01	4.527393928e-01
6.724479259e-01	4.908110592e-01
6.829549247e-01	5.233331857e-01
6.934619235e-01	5.490596006e-01
7.039689224e-01	5.669525998e-01
7.144759212e-01	5.762399336e-01
7.249829201e-01	5.764604674e-01
7.354899189e-01	5.674956056e-01
7.459969177e-01	5.495843231e-01
7.565039166e-01	5.233205469e-01
7.670109154e-01	4.896326242e-01
7.775179143e-01	4.497456376e-01
7.880249131e-01	4.051283290e-01
7.985319119e-01	3.574273030e-01
8.090389108e-01	3.083919534e-01
8.195459096e-01	2.597941240e-01
8.300529085e-01	2.133468650e-01
8.405599073e-01	1.706267315e-01
8.510669062e-01	1.330038961e-01
8.615739050e-01	1.015839159e-01
8.720809038e-01	7.716432865e-02
8.825879027e-01	6.020839004e-02
8.930949015e-01	5.083725914e-02
9.036019004e-01	4.884084624e-02
9.141088992e-01	5.370642729e-02
9.246158980e-01	6.466306836e-02
9.351228969e-01	8.073895868e-02
9.456298957e-01	1.008279806e-01
9.561368946e-01	1.237612999e-01
9.666438934e-01	1.483794750e-01
9.771508923e-01	1.736005800e-01
9.876578911e-01	1.984801141e-01
9.981648899e-01	2.222590189e-01
1.008671889e+00	2.443969059e-01
1.019178888e+00	2.645885681e-01
1.029685886e+00	2.827629488e-01
1.040192885e+00	2.990648990e-01
1.050699884e+00	3.138212018e-01
1.061206883e+00	3.274933960e-01
1.071713882e+00	3.406208388e-01
1.082220881e+00	3.537581287e-01
1.092727880e+00	3.674114375e-01
1.103234878e+00	3.819784288e-01
1.113741877e+00	3.976962646e-01
1.124248876e+00	4.146017281e-01
1.134755875e+00	4.325067404e-01
1.145262874e+00	4.509915684e-01
1.155769873e+00	4.694168714e-01
1.166276871e+00	4.869544797e-01
1.176783870e+00	5.026355212e-01
1.187290869e+00	5.154132961e-01
1.197797868e+00	5.242372135e-01
1.208304867e+00	5.281332320e-01
1.218811866e+00	5.262856382e-01
1.229318864e+00	5.181147034e-01
1.239825863e+00	5.033448014e-01
1.250332862e+00	4.820579584e-01
1.260839861e+00	4.547285216e-01
1.271346860e+00	4.222356380e-01
1.281853859e+00	3.858514815e-01
1.292360857e+00	3.472045761e-01
1.302867856e+00	3.082190596e-01
1.313374855e+00	2.710322257e-01
1.323881854e+00	2.378940840e-01
1.334388853e+00	2.110538951e-01
1.344895852e+00	1.926396085e-01
1.355402851e+00	1.845367709e-01
1.365909849e+00	1.882737586e-01
1.376416848e+00	2.049200749e-01
1.386923847e+00	2.350039554e-01
1.397430846e+00	2.784546485e-01
1.407937845e+00	3.345735381e-01
1.418444844e+00	4.020368053e-01
1.428951842e+00	4.789306655e-01
1.439458841e+00	5.628184625e-01
1.449965840e+00	6.508371397e-01
1.460472839e+00	7.398189504e-01
1.470979838e+00	8.264327965e-01
1.481486837e+00	9.073383980e-01
1.491993835e+00	9.793456465e-01
1.502500834e+00	1.039571055e+00
1.513007833e+00	1.085583199e+00
1.523514832e+00	1.115529463e+00
1.534021831e+00	1.128237249e+00
1.544528830e+00	1.123284015e+00
1.555035829e+00	1.101032048e+00
1.565542827e+00	1.062625647e+00
1.576049826e+00	1.009950282e+00
1.586556825e+00	9.455552827e-01
1.597063824e+00	8.725434768e-01
1.607570823e+00	7.944329222e-01
1.618077822e+00	7.149973695e-01
1.628584820e+00	6.380932065e-01
1.639091819e+00	5.674813853e-01
1.649598818e+00	5.066531293e-01
1.660105817e+00	4.586680647e-01
1.670612816e+00	4.260128218e-01
1.681119815e+00	4.104871320e-01
1.691626813e+00	4.131230676e-01
1.702133812e+00	4.341413984e-01
1.712640811e+00	4.729471653e-01
1.723147810e+00	5.281645869e-01
1.733654809e+00	5.977094328e-01
1.744161808e+00	6.788951097e-01
1.754668807e+00	7.685670221e-01
1.765175805e+00	8.632583630e-01
1.775682804e+00	9.593594423e-01
1.786189803e+00	1.053292022e+00
1.796696802e+00	1.141679917e+00
1.807203801e+00	1.221507387e+00
1.817710800e+00	1.290257480e+00
1.828217798e+00	1.346023616e+00
1.838724797e+00	1.387589053e+00
1.849231796e+00	1.414470592e+00
1.859738795e+00	1.426924700e+00
1.870245794e+00	1.425916163e+00
1.880752793e+00	1.413051311e+00
1.891259791e+00	1.390479624e+00
1.901766790e+00	1.360769123e+00
1.912273789e+00	1.326762285e+00
1.922780788e+00	1.291420110e+00
1.933287787e+00	1.257662597e+00
1.943794786e+00	1.228213964e+00
1.954301785e+00	1.205460685e+00
1.964808783e+00	1.191329714e+00
1.975315782e+00	1.187193167e+00
1.985822781e+00	1.193804392e+00
1.996329780e+00	1.211268662e+00
2.006836779e+00	1.239049980e+00
2.017343778e+00	1.276013573e+00
2.027850776e+00	1.320501823e+00
2.038357775e+00	1.370439641e+00
2.048864774e+00	1.423463732e+00
2.059371773e+00	1.477068954e+00
2.069878772e+00	1.528764025e+00
2.080385771e+00	1.576228296e+00
2.090892769e+00	1.617461151e+00
2.101399768e+00	1.650915899e+00
2.111906767e+00	1.675610692e+00
2.122413766e+00	1.691210074e+00
2.132920765e+00	1.698072137e+00
2.143427764e+00	1.697257949e+00
2.153934762e+00	1.690501715e+00
2.164441761e+00	1.680142111e+00
2.174948760e+00	1.669017147e+00
2.185455759e+00	1.660326832e+00
2.195962758e+00	1.657469571e+00
2.206469757e+00	1.663859722e+00
2.216976756e+00	1.682734851e+00
2.227483754e+00	1.716961999e+00
2.237990753e+00	1.768852604e+00
2.248497752e+00	1.839995631e+00
2.259004751e+00	1.931117922e+00
2.269511750e+00	2.041979779e+00
2.280018749e+00	2.171312467e+00
2.290525747e+00	2.316802549e+00
2.301032746e+00	2.475126026e+00
2.311539745e+00	2.642033029e+00
2.322046744e+00	2.812481525e+00
2.332553743e+00	2.980816195e+00
2.343060742e+00	3.140986403e+00
2.353567740e+00	3.286795178e+00
2.364074739e+00	3.412169354e+00
2.374581738e+00	3.511439631e+00
2.385088737e+00	3.579618396e+00
2.395595736e+00	3.612662657e+00
2.406102735e+00	3.607709540e+00
2.416609734e+00	3.563272397e+00
2.427116732e+00	3.479386777e+00
2.437623731e+00	3.357697123e+00
2.448130730e+00	3.201477272e+00
2.458637729e+00	3.015580320e+00
2.469144728e+00	2.806316287e+00
2.479651727e+00	2.581259063e+00
2.490158725e+00	2.348987246e+00
2.500665724e+00	2.118766601e+00
2.511172723e+00	1.900184773e+00
2.521679722e+00	1.702751563e+00
2.532186721e+00	1.535480256e+00
2.542693720e+00	1.406467229e+00
2.553200718e+00	1.322488096e+00
2.563707717e+00	1.288629073e+00
2.574214716e+00	1.307971812e+00
2.584721715e+00	1.381348899e+00
2.595228714e+00	1.507185217e+00
2.605735713e+00	1.681437835e+00
2.616242712e+00	1.897643722e+00
2.626749710e+00	2.147080813e+00
2.637256709e+00	2.419043593e+00
2.647763708e+00	2.701229864e+00
2.658270707e+00	2.980230603e+00
2.668777706e+00	3.242110195e+00
2.679284705e+00	3.473059922e+00
2.689791703e+00	3.660103569e+00
2.700298702e+00	3.791830653e+00
2.710805701e+00	3.859130121e+00
2.721312700e+00	3.855895642e+00
2.731819699e+00	3.779672907e+00
2.742326698e+00	3.632219695e+00
2.752833696e+00	3.419950989e+00
2.763340695e+00	3.154244024e+00
2.773847694e+00	2.851581868e+00
2.784354693e+00	2.533518824e+00
2.794861692e+00	2.226456490e+00
2.805368691e+00	1.961225573e+00
2.815875690e+00	1.772475277e+00
2.826382688e+00	1.697879082e+00
2.836889687e+00	1.777172755e+00
2.847396686e+00	2.051047160e+00
2.857903685e+00	2.559924754e+00
2.868410684e+00	3.342654100e+00
2.878917683e+00	4.435161297e+00
2.889424681e+00	5.869100547e+00
2.899931680e+00	7.670548085e+00
2.910438679e+00	9.858784190e+00
2.920945678e+00	1.244520702e+01
2.931452677e+00	1.543241941e+01
2.941959676e+00	1.881352569e+01
2.952466674e+00	2.257167015e+01
2.962973673e+00	2.667984187e+01
2.973480672e+00	3.110096302e+01
2.983987671e+00	3.578826892e+01
2.994494670e+00	4.068597918e+01
3.005001669e+00	4.573024961e+01
3.015508667e+00	5.085038570e+01
3.026015666e+00	5.597028910e+01
3.036522665e+00	6.101010100e+01
3.047029664e+00	6.588799883e+01
3.057536663e+00	7.052209699e+01
3.068043662e+00	7.483239837e+01
3.078550661e+00	7.874274048e+01
3.089057659e+00	8.218267955e+01
3.099564658e+00	8.508925698e+01
3.110071657e+00	8.740859531e+01
3.120578656e+00	8.909727599e+01
3.131085655e+00	9.012345698e+01
3.141592654e+00	9.046769639e+01
