frequency = 599584917.1618936 Hz; phi = 1.5707963267948966 rad
theta(rad) Re(E_r) Im(E_r) Re(E_theta) Im(E_theta) Re(E_phi) Im(E_phi)
0.000000000000000e+00 0.000000000000000e+00 0.000000000000000e+00 -1.249776219876726e-02 -4.145755130684726e-02 0.000000000000000e+00 0.000000000000000e+00
1.050699884143744e-02 5.593138413865315e-22 4.512373710251981e-23 -7.650742291446536e-19 -2.536601883799402e-18 1.248275332579221e-02 4.142048175016011e-02
2.101399768287487e-02 1.117127674803043e-21 8.988373545265239e-23 -7.644954323123554e-19 -2.530783946824146e-18 1.243782499186205e-02 4.130938284843094e-02
3.152099652431230e-02 1.671946283219166e-21 1.339177856373991e-22 -7.635313911491758e-19 -2.521104162291407e-18 1.236327125350373e-02 4.112458349723429e-02
4.202799536574974e-02 2.222284014266393e-21 1.768667307812419e-22 -7.621830284163835e-19 -2.507587640351146e-18 1.225957955002238e-02 4.086663049305824e-02
5.253499420718718e-02 2.766669519599731e-21 2.183759774975799e-22 -7.604516209106090e-19 -2.490269424441554e-18 1.212742674484838e-02 4.053628649569709e-02
6.304199304862461e-02 3.303650442892090e-21 2.580969885602518e-22 -7.583387845809404e-19 -2.469194380998359e-18 1.196767363057982e-02 4.013452718877427e-02
7.354899189006205e-02 3.831798039627698e-21 2.956887513538463e-22 -7.558464556621123e-19 -2.444417058336279e-18 1.178135794446400e-02 3.966253765145374e-02
8.405599073149948e-02 4.349711712263317e-21 3.308192163411827e-22 -7.529768680118328e-19 -2.416001515214735e-18 1.156968595351021e-02 3.912170795806313e-02
9.456298957293692e-02 4.856023444449708e-21 3.631666998896288e-22 -7.497325269006365e-19 -2.384021119703006e-18 1.133402268088036e-02 3.851362802577239e-02
1.050699884143744e-01 5.349402118667864e-21 3.924212460663167e-22 -7.461161795242295e-19 -2.348558319071672e-18 1.107588085643697e-02 3.784008173395240e-02
1.155769872558118e-01 5.828557701820421e-21 4.182859421971201e-22 -7.421307825498231e-19 -2.309704381539078e-18 1.079690868520465e-02 3.710304034207537e-02
1.260839860972492e-01 6.292245284216515e-21 4.404781832643798e-22 -7.377794670541754e-19 -2.267559110798216e-18 1.049887653768267e-02 3.630465523608115e-02
1.365909849386867e-01 6.739268957561660e-21 4.587308804797629e-22 -7.330655012251826e-19 -2.222230534350914e-18 1.018366267475461e-02 3.544725003615501e-02
1.470979837801241e-01 7.168485518538014e-21 4.727936096806377e-22 -7.279922512437863e-19 -2.173834566763661e-18 9.853238128322103e-03 3.453331210155034e-02
1.576049826215615e-01 7.578807985094441e-21 4.824336955093350e-22 -7.225631407821365e-19 -2.122494649048526e-18 9.509650865761039e-03 3.356548347067213e-02
1.681119814629990e-01 7.969208913354406e-21 4.874372276685033e-22 -7.167816095799066e-19 -2.068341365454788e-18 9.155009372331560e-03 3.254655127697618e-02
1.786189803044364e-01 8.338723503861409e-21 4.876100058881573e-22 -7.106510715785824e-19 -2.011512039034084e-18 8.791465790477949e-03 3.147943768335368e-02
1.891259791458738e-01 8.686452486636090e-21 4.827784105956621e-22 -7.041748731165977e-19 -1.952150307411576e-18 8.421198758705617e-03 3.036718937952894e-02
1.996329779873113e-01 9.011564775532926e-21 4.727901966240757e-22 -6.973562516880964e-19 -1.890405680265380e-18 8.046396094942090e-03 2.921296668868410e-02
2.101399768287487e-01 9.313299883217271e-21 4.575152077006788e-22 -6.901982957901893e-19 -1.826433080071810e-18 7.669237470677771e-03 2.802003233085202e-02
2.206469756701862e-01 9.590970088829123e-21 4.368460097005107e-22 -6.827039063838901e-19 -1.760392367728452e-18 7.291877222034400e-03 2.679173989176271e-02
2.311539745116236e-01 9.843962351767856e-21 4.106984411472890e-22 -6.748757604871645e-19 -1.692447854716770e-18 6.916427442468231e-03 2.553152204672526e-02
2.416609733530610e-01 1.007173996586696e-20 3.790120797695743e-22 -6.667162774223547e-19 -1.622767803503398e-18 6.544941499364498e-03 2.424287858969480e-02
2.521679721944984e-01 1.027384394873090e-20 3.417506240342520e-22 -6.582275882341115e-19 -1.551523917911861e-18 6.179398113019168e-03 2.292936431800796e-02
2.626749710359359e-01 1.044989416297333e-20 2.989021892843011e-22 -6.494115087702050e-19 -1.478890825227474e-18 5.821686131361737e-03 2.159457682339181e-02
2.731819698773733e-01 1.059959016628192e-20 2.504795180884676e-22 -6.402695169111541e-19 -1.405045551813842e-18 5.473590127818369e-03 2.024214423962633e-02
2.836889687188108e-01 1.072271178869145e-20 1.965201048705479e-22 -6.308027344073246e-19 -1.330166994034538e-18 5.136776942423700e-03 1.887571299682928e-02
2.941959675602482e-01 1.081911943635384e-20 1.370862351127297e-22 -6.210119137577546e-19 -1.254435386279007e-18 4.812783278082950e-03 1.749893563164398e-02
3.047029664016856e-01 1.088875412213276e-20 7.226493968834920e-23 -6.108974305344194e-19 -1.178031767890902e-18 4.503004454698270e-03 1.611545870168660e-02
3.152099652431231e-01 1.093163722436614e-20 2.167865113476741e-24 -6.004592815211669e-19 -1.101137450789534e-18 4.208684413816218e-03 1.472891085145809e-02
3.257169640845605e-01 1.094786997615922e-20 -7.306893927396692e-23 -5.896970889978639e-19 -1.023933489560742e-18 3.930907055607256e-03 1.334289107555026e-02
3.362239629259979e-01 1.093763268841786e-20 -1.532853160620139e-22 -5.786101114588263e-19 -9.466001557721196e-19 3.670588978465533e-03 1.196095722339151e-02
3.467309617674353e-01 1.090118371130236e-20 -2.382973749297624e-22 -5.671972610050112e-19 -8.693164182419426e-19 3.428473679343802e-03 1.058661478800800e-02
3.572379606088728e-01 1.083885813860191e-20 -3.278979469944223e-22 -5.554571276078432e-19 -7.922594309530294e-19 3.205127260427589e-03 9.223306019289813e-03
3.677449594503102e-01 1.075106626209740e-20 -4.218571163737097e-22 -5.433880103775131e-19 -7.156040302701478e-19 3.000935674602345e-03 7.874399400167211e-03
3.782519582917477e-01 1.063829178217123e-20 -5.199228274911962e-22 -5.309879559260968e-19 -6.395222430662788e-19 2.816103529079235e-03 6.543179521775873e-03
3.887589571331851e-01 1.050108978291801e-20 -6.218215661448342e-22 -5.182548038488481e-19 -5.641828073168192e-19 2.650654453023771e-03 5.232837391306504e-03
3.992659559746226e-01 1.034008448033757e-20 -7.272591124859849e-22 -5.051862392895825e-19 -4.897507066628517e-19 2.504433021629507e-03 3.946461203694540e-03
4.097729548160600e-01 1.015596675309824e-20 -8.359213639470889e-22 -4.917798524934260e-19 -4.163867203833593e-19 2.377108215715977e-03 2.687027605673330e-03
4.202799536574974e-01 9.949491465893127e-21 -9.474752260937093e-22 -4.780332051889505e-19 -3.442469901473870e-19 2.268178382785236e-03 1.457393477986405e-03
4.307869524989348e-01 9.721474596417997e-21 -1.061569569389062e-21 -4.639439035722346e-19 -2.734826048512915e-19 2.176977652576974e-03 2.602882587992505e-04
4.412939513403723e-01 9.472790177272445e-21 -1.177836249782787e-21 -4.495096776055584e-19 -2.042392047659920e-19 2.102683747776459e-03 -9.016931715057376e-04
4.518009501818097e-01 9.204367064906776e-21 -1.295891191048440e-21 -4.347284662746863e-19 -1.366566061441011e-19 2.044327118595884e-03 -2.026097026807313e-03
4.623079490232472e-01 8.917185548177567e-21 -1.415335526763923e-21 -4.195985083854588e-19 -7.086844735349679e-20 2.000801318692377e-03 -3.110616558529924e-03
4.728149478646846e-01 8.612273809466018e-21 -1.535756799794894e-21 -4.041184384165895e-19 -7.001857517941014e-21 1.970874529330529e-03 -4.153097394138492e-03
4.833219467061221e-01 8.290704252014390e-21 -1.656730217155400e-21 -3.882873868823746e-19 5.482285144012947e-20 1.953202128978601e-03 -5.151542262083047e-03
4.938289455475595e-01 7.953589706953520e-21 -1.777819958038594e-21 -3.721050845996693e-19 1.144924685515812e-19 1.946340196697303e-03 -6.104115097249059e-03
5.043359443889969e-01 7.602079534584832e-21 -1.898580532819601e-21 -3.555719701946882e-19 1.719011426360889e-19 1.948759829814010e-03 -7.009144523726204e-03
5.148429432304343e-01 7.237355633905576e-21 -2.018558190749500e-21 -3.386893001306016e-19 2.269506156015101e-19 1.958862149593132e-03 -7.865126714388354e-03
5.253499420718718e-01 6.860628375168499e-21 -2.137292374011438e-21 -3.214592604853582e-19 2.795504296841597e-19 1.974993862879139e-03 -8.670727629396276e-03
5.358569409133092e-01 6.473132470112768e-21 -2.254317215722798e-21 -3.038850796616882e-19 3.296181082011646e-19 1.995463243140960e-03 -9.424784638245797e-03
5.463639397547466e-01 6.076122794667756e-21 -2.369163079370043e-21 -2.859711411682835e-19 3.770793094821063e-19 2.018556390967743e-03 -1.012630753239720e-02
5.568709385961841e-01 5.670870178948942e-21 -2.481358137043715e-21 -2.677230955731734e-19 4.218679537428112e-19 2.042553631905540e-03 -1.077447893781854e-02
5.673779374376215e-01 5.258657179334008e-21 -2.590429983700666e-21 -2.491479706976832e-19 4.639263227595653e-19 2.065745908593131e-03 -1.136865413894965e-02
5.778849362790589e-01 4.840773847346286e-21 -2.695907284522930e-21 -2.302542790930501e-19 5.032051322963920e-19 2.086451024471596e-03 -1.190836032763215e-02
5.883919351204964e-01 4.418513509880718e-21 -2.797321452244469e-21 -2.110521218201884e-19 5.396635773323442e-19 2.103029597855847e-03 -1.239329529245999e-02
5.988989339619338e-01 3.993168575214745e-21 -2.894208351135817e-21 -1.915532875410442e-19 5.732693502268005e-19 2.113900587957497e-03 -1.282332556575358e-02
6.094059328033713e-01 3.566026378956099e-21 -2.986110024055492e-21 -1.717713459217893e-19 6.039986320522423e-19 2.117556258366978e-03 -1.319848404697820e-02
6.199129316448087e-01 3.138365083707116e-21 -3.072576438841714e-21 -1.517217343476231e-19 6.318360574123612e-19 2.112576448593770e-03 -1.351896712288697e-02
6.304199304862461e-01 2.711449646193771e-21 -3.153167249819543e-21 -1.314218369605677e-19 6.567746531484043e-19 2.097642030565124e-03 -1.378513130596050e-02
6.409269293276836e-01 2.286527864792972e-21 -3.227453570225152e-21 -1.108910550410835e-19 6.788157514220925e-19 2.071547434123455e-03 -1.399748941388789e-02
6.514339281691210e-01 1.864826520407009e-21 -3.295019750727222e-21 -9.015086778373468e-20 6.979688777422952e-19 2.033212133960766e-03 -1.415670631381015e-02
6.619409270105584e-01 1.447547622890562e-21 -3.355465159118303e-21 -6.922488254401072e-20 7.142516145815101e-19 1.981690999514938e-03 -1.426359425590804e-02
6.724479258519959e-01 1.035864774872520e-21 -3.408405955814940e-21 -4.813887367452159e-20 7.276894413019153e-19 1.916183419414619e-03 -1.431910782160761e-02
6.829549246934333e-01 6.309196642523569e-22 -3.453476859510087e-21 -2.692080911453398e-20 7.383155511816852e-19 1.836041122799142e-03 -1.432433851223234e-02
6.934619235348707e-01 2.338186960918425e-22 -3.490332896903595e-21 -5.600863954004527e-21 7.461706463991313e-19 1.740774631307273e-03 -1.428050900433784e-02
7.039689223763081e-01 -1.543702259569659e-22 -3.518651130239779e-21 1.578857974957375e-20 7.513027118956169e-19 1.630058287397936e-03 -1.418896709825629e-02
7.144759212177456e-01 -5.326207591909762e-22 -3.538132355830001e-21 3.721294754595579e-20 7.537667690968634e-19 1.503733817233245e-03 -1.405117938650940e-02
7.249829200591831e-01 -8.999510134905319e-22 -3.548502766601248e-21 5.863550213294714e-20 7.536246105274999e-19 1.361812398980004e-03 -1.386872466879581e-02
7.354899189006204e-01 -1.255426266798944e-21 -3.549515571303110e-21 8.001738835112743e-20 7.509445164038954e-19 1.204475220431838e-03 -1.364328714016691e-02
7.459969177420579e-01 -1.598161497048235e-21 -3.540952562661025e-21 1.013176940272992e-19 7.458009543368480e-19 1.032072523013150e-03 -1.337664937881211e-02
7.565039165834954e-01 -1.927323723568778e-21 -3.522625626629401e-21 1.224935269724412e-19 7.382742633168295e-19 8.451211422036929e-04 -1.307068515960319e-02
7.670109154249328e-01 -2.242134151987278e-21 -3.494378184510692e-21 1.435001083314678e-19 7.284503231919949e-19 6.443005675488345e-04 -1.272735211916112e-02
7.775179142663702e-01 -2.541870117286366e-21 -3.456086559568573e-21 1.642908823788188e-19 7.164202108816084e-19 4.304475581340283e-04 -1.234868429776619e-02
7.880249131078076e-01 -2.825866820249055e-21 -3.407661259616688e-21 1.848176427455590e-19 7.022798445948445e-19 2.045493618020890e-04 -1.193678458291386e-02
7.985319119492451e-01 -3.093518853545220e-21 -3.349048166873364e-21 2.050306749451033e-19 6.861296173488366e-19 -3.226440153371108e-05 -1.149381707873433e-02
8.090389107906826e-01 -3.344281514368292e-21 -3.280229626344130e-21 2.248789149502562e-19 6.680740210982597e-19 -2.787311207231910e-04 -1.102199942486951e-02
8.195459096321199e-01 -3.577671901053907e-21 -3.201225423991789e-21 2.443101234574803e-19 6.482212628018916e-19 -5.334657558308829e-04 -1.052359508772822e-02
8.300529084735574e-01 -3.793269792246327e-21 -3.112093645946629e-21 2.632710753498780e-19 6.266828737621664e-19 -7.949724895352112e-04 -1.000090564633624e-02
8.405599073149949e-01 -3.990718307717533e-21 -3.012931410152196e-21 2.817077637527882e-19 6.035733135779658e-19 -1.061657365609016e-03 -9.456263094271063e-03
8.510669061564322e-01 -4.169724350588761e-21 -2.903875462012552e-21 2.995656179564297e-19 5.790095700509020e-19 -1.331841804277587e-03 -8.892022178424408e-03
8.615739049978697e-01 -4.330058831728809e-21 -2.785102625832611e-21 3.167897343590283e-19 5.531107563823421e-19 -1.603776876839881e-03 -8.310552794583882e-03
8.720809038393071e-01 -4.471556677486607e-21 -2.656830104180034e-21 3.333251194704412e-19 5.259977069889529e-19 -1.875658215646635e-03 -7.714232459065108e-03
8.825879026807446e-01 -4.594116622925061e-21 -2.519315617672564e-21 3.491169439008184e-19 4.977925732530841e-19 -2.145641430240996e-03 -7.105438874875978e-03
8.930949015221820e-01 -4.697700793370224e-21 -2.372857378172034e-21 3.641108061505872e-19 4.686184205076700e-19 -2.411857896360598e-03 -6.486542610152563e-03
9.036019003636194e-01 -4.782334077425820e-21 -2.217793888911567e-21 3.782530049159204e-19 4.385988275334021e-19 -2.672430781570027e-03 -5.859899905867331e-03
9.141088992050569e-01 -4.848103295806369e-21 -2.054503565696063e-21 3.914908185223826e-19 4.078574898237312e-19 -2.925491169474308e-03 -5.227845629110779e-03
9.246158980464944e-01 -4.895156170736582e-21 -1.883404174024148e-21 4.037727900099494e-19 3.765178278443202e-19 -3.169194143923631e-03 -4.592686387552864e-03
9.351228968879317e-01 -4.923700100996728e-21 -1.704952077744730e-21 4.150490163098074e-19 3.447026014808193e-19 -3.401734695262712e-03 -3.956693820014410e-03
9.456298957293692e-01 -4.934000748850240e-21 -1.519641295710860e-21 4.252714398752134e-19 3.125335318362227e-19 -3.621363312467327e-03 -3.322098077452386e-03
9.561368945708066e-01 -4.926380445391824e-21 -1.328002363812073e-21 4.343941410639829e-19 2.801309314999819e-19 -3.826401128033218e-03 -2.691081508042622e-03
9.666438934122441e-01 -4.901216421115857e-21 -1.130601000733934e-21 4.423736295144799e-19 2.476133443685019e-19 -4.015254486633688e-03 -2.065772559440815e-03
9.771508922536815e-01 -4.858938869601620e-21 -9.280365768512783e-22 4.491691327088406e-19 2.150971960553206e-19 -4.186428813788777e-03 -1.448239910761280e-03
9.876578910951189e-01 -4.800028852345684e-21 -7.209403867530443e-22 4.547428798838204e-19 1.826964558810495e-19 -4.338541667117272e-03 -8.404868462610394e-04
9.981648899365564e-01 -4.725016053163505e-21 -5.099737270369432e-22 4.590603794263145e-19 1.505223113835989e-19 -4.470334860048789e-03 -2.444458821950173e-04
1.008671888777994e+00 -4.634476391290087e-21 -2.958257822156870e-22 4.620906878786594e-19 1.186828562391300e-19 -4.580685556110299e-03 3.380263421775406e-04
1.019178887619431e+00 -4.529029502499669e-21 -7.921132279466931e-23 4.638066686806745e-19 8.728279242960455e-20 -4.668616241009867e-03 9.051538989462180e-04
1.029685886460869e+00 -4.409336098000366e-21 1.391317791615285e-22 4.641852387891589e-19 5.642314743768439e-20 -4.733303489618642e-03 1.455246121239020e-03
1.040192885302306e+00 -4.276095211178583e-21 3.584452103829016e-22 4.632076013425019e-19 2.620100719245274e-20 -4.774085455522350e-03 1.986701858687651e-03
1.050699884143744e+00 -4.130041342561679e-21 5.779530447962068e-22 4.608594625780453e-19 -3.290734569265886e-21 -4.790468021978935e-03 2.498013429564892e-03
1.061206882985181e+00 -3.971941513621147e-21 7.968647307921892e-22 4.571312312628577e-19 -3.196360992177400e-20 -4.782129564777349e-03 2.987770260955188e-03
1.071713881826618e+00 -3.802592240313157e-21 1.014378226989120e-21 4.520181989646835e-19 -5.973379280464720e-20 -4.748924289557374e-03 3.454662208765359e-03
1.082220880668056e+00 -3.622816437239520e-21 1.229683274677054e-21 4.455206995685115e-19 -8.652229703418883e-20 -4.690884118462192e-03 3.897482549910072e-03
1.092727879509493e+00 -3.433460263873256e-21 1.441964794159184e-21 4.376442465360152e-19 -1.122551558495021e-19 -4.608219113559722e-03 4.315130639421823e-03
1.103234878350931e+00 -3.235389923878884e-21 1.650406390768278e-21 4.283996465082561e-19 -1.368635826423844e-19 -4.501316437001089e-03 4.706614225840639e-03
1.113741877192368e+00 -3.029488429055046e-21 1.854193955363555e-21 4.178030879678013e-19 -1.602841125779322e-19 -4.370737860466422e-03 5.071051418719307e-03
1.124248876033806e+00 -2.816652339250048e-21 2.052519342959310e-21 4.058762038027428e-19 -1.824587248797700e-19 -4.217215848818645e-03 5.407672302688924e-03
1.134755874875243e+00 -2.597788489660177e-21 2.244584112148397e-21 3.926461067522384e-19 -2.033349456170461e-19 -4.041648255020766e-03 5.715820193136305e-03
1.145262873716681e+00 -2.373810716873981e-21 2.429603307052706e-21 3.781453968600441e-19 -2.228659308942961e-19 -3.845091675134968e-03 5.994952529202664e-03
1.155769872558118e+00 -2.145636594949524e-21 2.606809262694289e-21 3.624121402183628e-19 -2.410105304087764e-19 -3.628753523517696e-03 6.244641400515475e-03
1.166276871399555e+00 -1.914184192698336e-21 2.775455413941420e-21 3.454898184482244e-19 -2.577333314028030e-19 -3.393982899055694e-03 6.464573704816606e-03
1.176783870240993e+00 -1.680368863200573e-21 2.934820087552025e-21 3.274272485336420e-19 -2.730046831008380e-19 -3.142260323361426e-03 6.654550934452511e-03
1.187290869082430e+00 -1.445100076390118e-21 3.084210256321305e-21 3.082784728038102e-19 -2.868007017823882e-19 -2.875186441176182e-03 6.814488590548977e-03
1.197797867923868e+00 -1.209278305328291e-21 3.222965233944538e-21 2.881026190395954e-19 -2.991032567020403e-19 -2.594469781735847e-03 6.944415224604645e-03
1.208304866765305e+00 -9.737919765281461e-22 3.350460288963402e-21 2.669637308665471e-19 -3.098999371267474e-19 -2.301913687472416e-03 7.044471108203013e-03
1.218811865606743e+00 -7.395144944069347e-22 3.466110155975975e-21 2.449305687842800e-19 -3.191840008187909e-19 -1.999402523062457e-03 7.114906532572136e-03
1.229318864448180e+00 -5.073013496156594e-22 3.569372422405654e-21 2.220763823728852e-19 -3.269543043477386e-19 -1.688887283502532e-03 7.156079740788553e-03
1.239825863289617e+00 -2.779873206497779e-22 3.659750769180131e-21 1.984786544054707e-19 -3.332152156703048e-19 -1.372370724445657e-03 7.168454496564084e-03
1.250332862131055e+00 -5.238377775115077e-23 3.736798044030045e-21 1.742188177853220e-19 -3.379765094686487e-19 -1.051892141542839e-03 7.152597294727912e-03
1.260839860972492e+00 1.687239022788838e-22 3.800119146578861e-21 1.493819464106444e-19 -3.412532457890743e-19 -7.295119278702921e-04 7.109174219751638e-03
1.271346859813930e+00 3.845788022158016e-22 3.849373704945597e-21 1.240564212538504e-19 -3.430656325702537e-19 -4.072960397954598e-04 7.038947459927524e-03
1.281853858655367e+00 5.944548037886982e-22 3.884278524400529e-21 9.833357311659323e-20 -3.434388726977606e-19 -8.730050166530852e-05 6.942771486129785e-03
1.292360857496805e+00 7.976587930753869e-22 3.904609789477895e-21 7.230730369316919e-20 -3.424029962645959e-19 2.284439213295902e-04 6.821588905422274e-03
1.302867856338242e+00 9.935327252637420e-22 3.910205001990720e-21 4.607368673752281e-20 -3.399926787588327e-19 5.379467549420993e-04 6.676426001144161e-03
1.313374855179679e+00 1.181455542596378e-21 3.900964638606618e-21 1.973055128130464e-20 -3.362470459386559e-19 8.392724284437946e-04 6.508387972490105e-03
1.323881854021117e+00 1.360844939913832e-21 3.876853512947885e-21 -6.622951005733779e-21 -3.312094661908368e-19 1.130554348467215e-03 6.318653887993272e-03
1.334388852862554e+00 1.531158972771802e-21 3.837901828640294e-21 -3.288679209028221e-20 -3.249273312021112e-19 1.410008319983194e-03 6.108471368714695e-03
1.344895851703992e+00 1.691897503700203e-21 3.784205911311077e-21 -5.896052514293553e-20 -3.174518258033478e-19 1.675945206638469e-03 5.879151018327923e-03
1.355402850545429e+00 1.842603482775431e-21 3.715928609228101e-21 -8.474375095068475e-20 -3.088376878738927e-19 1.926782729949629e-03 5.632060618656115e-03
1.365909849386867e+00 1.982864059293199e-21 3.633299354068939e-21 -1.101365906350467e-19 -2.991429592179635e-19 2.161056314965455e-03 5.368619110558240e-03
1.376416848228304e+00 2.112311521954520e-21 3.536613875199860e-21 -1.350401620600887e-19 -2.884287283463600e-19 2.377428898894349e-03 5.090290381362004e-03
1.386923847069741e+00 2.230624065617644e-21 3.426233562819045e-21 -1.593570572541291e-19 -2.767588661150642e-19 2.574699628764112e-03 4.798576881293240e-03
1.397430845911179e+00 2.337526383248426e-21 3.302584477368691e-21 -1.829918181252250e-19 -2.641997551872491e-19 2.751811384354970e-03 4.495013092540662e-03
1.407937844752616e+00 2.432790082554715e-21 3.166156004709848e-21 -2.058514077227708e-19 -2.508200142976442e-19 2.907857073304716e-03 4.181158875724273e-03
1.418444843594054e+00 2.516233926967268e-21 3.017499158733700e-21 -2.278456742900626e-19 -2.366902183056933e-19 3.042084656399386e-03 3.858592719556251e-03
1.428951842435491e+00 2.587723901953925e-21 2.857224535232159e-21 -2.488878053583718e-19 -2.218826150309198e-19 3.153900872404656e-03 3.528904920455149e-03
1.439458841276929e+00 2.647173107580745e-21 2.685999923046293e-21 -2.688947691615312e-19 -2.064708398647656e-19 3.242873643421553e-03 3.193690719698094e-03
1.449965840118366e+00 2.694541479385347e-21 2.504547580752384e-21 -2.877877406932762e-19 -1.905296291524523e-19 3.308733153421510e-03 2.854543426435242e-03
1.460472838959804e+00 2.729835339984242e-21 2.313641189272345e-21 -3.054925097915767e-19 -1.741345333342634e-19 3.351371604296149e-03 2.513047555503596e-03
1.470979837801241e+00 2.753106784519744e-21 2.114102492959782e-21 -3.219398687141140e-19 -1.573616308279627e-19 3.370841665329711e-03 2.170772009455554e-03
1.481486836642678e+00 2.764452903683322e-21 1.906797643905673e-21 -3.370659767665046e-19 -1.402872436224434e-19 3.367353643361294e-03 1.829263334549795e-03
1.491993835484116e+00 2.764014848534604e-21 1.692633266065412e-21 -3.508126996577440e-19 -1.229876555406132e-19 3.341271411926271e-03 1.490039080668151e-03
1.502500834325553e+00 2.751976742002677e-21 1.472552257995751e-21 -3.631279213888580e-19 -1.055388341102547e-19 3.293107148308297e-03 1.154581295139563e-03
1.513007833166991e+00 2.728564442512477e-21 1.247529354761318e-21 -3.739658266256438e-19 -8.801615696298422e-20 3.223514937535086e-03 8.243301803536478e-04
1.523514832008428e+00 2.694044165434094e-21 1.018566471333181e-21 -3.832871516674089e-19 -7.049414365719441e-20 3.133283311875163e-03 5.006779447565723e-04
1.534021830849866e+00 2.648720969122420e-21 7.866878514465286e-22 -3.910594022973728e-19 -5.304619379765859e-20 3.023326803224734e-03 1.849628764011261e-04
1.544528829691303e+00 2.592937111982456e-21 5.529350475914392e-22 -3.972570369889012e-19 -3.574433228992908e-20 2.894676593866960e-03 -1.215363324397762e-04
1.555035828532740e+00 2.527070288360098e-21 3.183617588916238e-22 -4.018616141388655e-19 -1.865896254395324e-20 2.748470358325052e-03 -4.176059818037059e-04
1.565542827374178e+00 2.451531750544226e-21 8.402855510318744e-23 -4.048619022102102e-19 -1.858628399809918e-21 2.585941395409692e-03 -7.021024549356148e-04
1.576049826215615e+00 2.366764325308214e-21 -1.490024840977665e-22 -4.062539518832244e-19 1.459021448288126e-20 2.408407154978558e-03 -9.739569778516455e-04
1.586556825057053e+00 2.273240333388620e-21 -3.796731844549993e-22 -4.060411295415800e-19 3.062341707146276e-20 2.217257268367994e-03 -1.232180023175903e-03
1.597063823898490e+00 2.171459420628767e-21 -6.069347163263391e-22 -4.042341116514522e-19 4.617934458330665e-20 2.013941194870769e-03 -1.475865335303466e-03
1.607570822739928e+00 2.061946309862290e-21 -8.297530264523574e-22 -4.008508398291072e-19 6.119907266894818e-20 1.799955599001414e-03 -1.704193555545574e-03
1.618077821581365e+00 1.945248482909328e-21 -1.047114230707793e-21 -3.959164366327260e-19 7.562657158353680e-20 1.576831574595219e-03 -1.916435427667255e-03
1.628584820422802e+00 1.821933802248707e-21 -1.258029936136319e-21 -3.894630823562595e-19 8.940887782172418e-20 1.346121832019754e-03 -2.111954566127555e-03
1.639091819264240e+00 1.692588081851624e-21 -1.461542460690522e-21 -3.815298533446717e-19 1.024962527411219e-19 1.109387963932433e-03 -2.290209771370880e-03
1.649598818105677e+00 1.557812617206526e-21 -1.656729919382334e-21 -3.721625225906100e-19 1.148423277467049e-19 8.681879031359847e-04 -2.450756878662564e-03
1.660105816947115e+00 1.418221684408444e-21 -1.842711146031211e-21 -3.614133236092635e-19 1.264042356615167e-19 6.240636831500730e-04 -2.593250129240049e-03
1.670612815788552e+00 1.274440018142412e-21 -2.018650420671961e-21 -3.493406788203465e-19 1.371427279605264e-19 3.785296081922636e-04 -2.717443054917415e-03
1.681119814629990e+00 1.127100278698398e-21 -2.183761973338256e-21 -3.360088938915832e-19 1.470222775978693e-19 1.330609343707330e-04 -2.823188869738824e-03
1.691626813471427e+00 9.768405178434320e-22 -2.337314236374183e-21 -3.214878197159604e-19 1.560111672104510e-19 -1.109168419006465e-04 -2.910440364805944e-03
1.702133812312864e+00 8.243016535285728e-22 -2.478633818395191e-21 -3.058524839023042e-19 1.640815625367343e-19 -3.520379989188831e-04 -2.979249304995747e-03
1.712640811154302e+00 6.701249630745981e-22 -2.607109174958975e-21 -2.891826938566791e-19 1.712095709415400e-19 -5.890058262135605e-04 -3.029765328916498e-03
1.723147809995739e+00 5.149496045277566e-22 -2.722193952228848e-21 -2.715626137152231e-19 1.773752849952409e-19 -8.206010088268754e-04 -3.062234356110526e-03
1.733654808837177e+00 3.594101756929562e-22 -2.823409982038738e-21 -2.530803175613707e-19 1.825628111068714e-19 -1.045689094365445e-03 -3.076996508184912e-03
1.744161807678614e+00 2.041343198454746e-22 -2.910349908760902e-21 -2.338273215141633e-19 1.867602832683699e-19 -1.263226987214533e-03 -3.074483553211159e-03
1.754668806520052e+00 4.974038729389630e-23 -2.982679430407301e-21 -2.138980974163353e-19 1.899598620168326e-19 -1.472268424066986e-03 -3.055215885385318e-03
1.765175805361489e+00 -1.031648387032070e-22 -3.040139138784799e-21 -1.933895709709363e-19 1.921577187782918e-19 -1.671968395132976e-03 -3.019799054531209e-03
1.775682804202927e+00 -2.539883432410897e-22 -3.082545945839401e-21 -1.724006072819927e-19 1.933540058052611e-19 -1.861586485801307e-03 -2.968919862586677e-03
1.786189803044364e+00 -4.021530004019146e-22 -3.109794085912959e-21 -1.510314868380679e-19 1.935528119739663e-19 -2.040489124176682e-03 -2.903342046668096e-03
1.796696801885801e+00 -5.470996055897965e-22 -3.121855686127776e-21 -1.293833750456615e-19 1.927621047544022e-19 -2.208150730574545e-03 -2.823901570702206e-03
1.807203800727239e+00 -6.882888124401938e-22 -3.118780899829215e-21 -1.075577884640882e-19 1.909936587160010e-19 -2.364153775738659e-03 -2.731501549876393e-03
1.817710799568676e+00 -8.252029675899019e-22 -3.100697600687442e-21 -8.565606091971065e-20 1.882629709774348e-19 -2.508187765070568e-03 -2.627106834312755e-03
1.828217798410114e+00 -9.573478370760048e-22 -3.067810637800215e-21 -6.377881268216575e-20 1.845891640538652e-19 -2.640047176470053e-03 -2.511738280381551e-03
1.838724797251551e+00 -1.084254218627228e-21 -3.020400654883725e-21 -4.202542586937460e-20 1.799948765975603e-19 -2.759628389369922e-03 -2.386466739929411e-03
1.849231796092989e+00 -1.205479434627955e-21 -2.958822479379268e-21 -2.049352921148999e-20 1.745061425682413e-19 -2.866925652116915e-03 -2.252406799391885e-03
1.859738794934426e+00 -1.320608701070646e-21 -2.883503090020572e-21 7.215047532832030e-22 1.681522594076997e-19 -2.962026143914023e-03 -2.110710302276463e-03
1.870245793775863e+00 -1.429256368363839e-21 -2.794939174080802e-21 2.152704705555120e-20 1.609656458289213e-19 -3.045104196013877e-03 -1.962559689829913e-03
1.880752792617301e+00 -1.531067030428049e-21 -2.693694288131384e-21 4.183368134611288e-20 1.529816898631125e-19 -3.116414744659627e-03 -1.809161195832580e-03
1.891259791458738e+00 -1.625716499088143e-21 -2.580395638678573e-21 6.155565184018562e-20 1.442385878384500e-19 -3.176286095336904e-03 -1.651737932383683e-03
1.901766790300176e+00 -1.712912641355487e-21 -2.455730501480341e-21 8.061128750772942e-20 1.347771749920274e-19 -3.225112084162789e-03 -1.491522904247901e-03
1.912273789141613e+00 -1.792396077790656e-21 -2.320442300666845e-21 9.892340001562805e-20 1.246407484412086e-19 -3.263343727638042e-03 -1.329751989819676e-03
1.922780787983051e+00 -1.863940740685240e-21 -2.175326370992475e-21 1.164196530966904e-19 1.138748832622694e-19 -3.291480456478829e-03 -1.167656927019317e-03
1.933287786824488e+00 -1.927354291533515e-21 -2.021225428554805e-21 1.330329012046945e-19 1.025272424431020e-19 -3.310061032778191e-03 -1.006458342475047e-03
1.943794785665925e+00 -1.982478397630852e-21 -1.859024777264319e-21 1.487014955140214e-19 9.064738149195196e-20 -3.319654252306470e-03 -8.473588621349365e-04
1.954301784507363e+00 -2.029188868440367e-21 -1.689647279998513e-21 1.633695555336330e-19 7.828654849685507e-20 -3.320849535302149e-03 -6.915363410386443e-04
1.964808783348800e+00 -2.067395652883225e-21 -1.514048124917710e-21 1.769872048285842e-19 6.549748043955579e-20 -3.314247509636078e-03 -5.401372493201848e-04
1.975315782190238e+00 -2.097042699092862e-21 -1.333209418796491e-21 1.895107695755945e-19 5.233419657314852e-20 -3.300450689739824e-03 -3.942702506268086e-04
1.985822781031675e+00 -2.118107679188459e-21 -1.148134640219706e-21 2.009029389202759e-19 3.885178967641081e-20 -3.280054353175452e-03 -2.550000080625225e-04
1.996329779873113e+00 -2.130601581591016e-21 -9.598429865520945e-22 2.111328863525729e-19 2.510621599593477e-20 -3.253637714220266e-03 -1.233412514284695e-04
2.006836778714550e+00 -2.134568174396066e-21 -7.693636491427068e-22 2.201763515698371e-19 1.115408468445511e-20 -3.221755490351527e-03 -2.531380388423687e-07
2.017343777555987e+00 -2.130083343590730e-21 -5.777300517598674e-22 2.280156825539340e-19 -2.947552463878692e-21 -3.184929953093866e-03 1.133660623320584e-04
2.027850776397425e+00 -2.117254310471647e-21 -3.859740874002901e-22 2.346398378469328e-19 -1.714141018997703e-20 -3.143643549369505e-03 2.166839297004496e-04
2.038357775238862e+00 -2.096218733051315e-21 -1.951203887005456e-22 2.400443492680643e-19 -3.137017708081501e-20 -3.098332173324188e-03 3.089384767311588e-04
2.048864774080300e+00 -2.067143696707118e-21 -6.180666817140192e-24 2.442312455706683e-19 -4.557672025289938e-20 -3.049379161648145e-03 3.894423278247455e-04
2.059371772921737e+00 -2.030224599721735e-21 1.798518467028254e-22 2.472089377901640e-19 -5.970428666633095e-20 -2.997110077738276e-03 4.575864724422678e-04
2.069878771763175e+00 -1.985683939757242e-21 3.620078214037659e-22 2.489920672810339e-19 -7.369670034841147e-20 -2.941788341730890e-03 5.128435731628965e-04
2.080385770604612e+00 -1.933770007647599e-21 5.393470798515091e-22 2.496013176803164e-19 -8.749855483163203e-20 -2.883611754549252e-03 5.547708116005843e-04
2.090892769446050e+00 -1.874755495287153e-21 7.109636485188548e-22 2.490631922663307e-19 -1.010554001365465e-19 -2.822709954749299e-03 5.830122579978297e-04
2.101399768287487e+00 -1.808936024429208e-21 8.759905770254023e-22 2.474097584009066e-19 -1.143139236625719e-19 -2.759142837186793e-03 5.973007531381617e-04
2.111906767128925e+00 -1.736628603983021e-21 1.033604497442691e-21 2.446783609533662e-19 -1.272221243774366e-19 -2.692899952487335e-03 5.974592940187278e-04
2.122413765970362e+00 -1.658170022975416e-21 1.183029896240725e-21 2.409113067977679e-19 -1.397294797354082e-19 -2.623900896037235e-03 5.834019176771203e-04
2.132920764811800e+00 -1.573915187030071e-21 1.323543074160391e-21 2.361555226569326e-19 -1.517871047863356e-19 -2.551996684868521e-03 5.551340804324516e-04
2.143427763653237e+00 -1.484235406134357e-21 1.454475770923697e-21 2.304621887302177e-19 -1.633479029782336e-19 -2.476972110448122e-03 5.127525327505220e-04
2.153934762494674e+00 -1.389516641647642e-21 1.575218434095089e-21 2.238863506896498e-19 -1.743667081950765e-19 -2.398549045122194e-03 4.564446928384762e-04
2.164441761336112e+00 -1.290157720542679e-21 1.685223113887507e-21 2.164865127585597e-19 -1.848004176124576e-19 -2.316390669901548e-03 3.864875249434889e-04
2.174948760177549e+00 -1.186568524954829e-21 1.784005968013412e-21 2.083242146966790e-19 -1.946081149971296e-19 -2.230106581498825e-03 3.032459311579378e-04
2.185455759018986e+00 -1.079168165177248e-21 1.871149363417955e-21 1.994635956066515e-19 -2.037511841195273e-19 -2.139258727142673e-03 2.071706682770013e-04
2.195962757860424e+00 -9.683831438999082e-22 1.946303564393273e-21 1.899709475469401e-19 -2.121934119933610e-19 -2.043368106784411e-03 9.879580392081523e-05
2.206469756701861e+00 -8.546455200835508e-22 2.009187999431562e-21 1.799142619865112e-19 -2.199010817008967e-19 -1.941922173968322e-03 -2.126427131726807e-05
2.216976755543299e+00 -7.383910798189263e-22 2.059592101627693e-21 1.693627721633811e-19 -2.268430546101239e-19 -1.834382858935612e-03 -1.523182564783855e-04
2.227483754384736e+00 -6.200575224134434e-22 2.097375720787299e-21 1.583864944188258e-19 -2.329908418338324e-19 -1.720195130555970e-03 -2.936017561067923e-04
2.237990753226174e+00 -5.000826689046389e-22 2.122469107734001e-21 1.470557715628744e-19 -2.383186648289719e-19 -1.598796007491010e-03 -4.442814757085409e-04
2.248497752067611e+00 -3.789027005921339e-22 2.134872474390293e-21 1.354408212929765e-19 -2.428035050795967e-19 -1.469623923658735e-03 -6.034597711522824e-04
2.259004750909049e+00 -2.569504346007114e-22 2.134655136071723e-21 1.236112926319945e-19 -2.464251428526967e-19 -1.332128348635865e-03 -7.701795245456435e-04
2.269511749750486e+00 -1.346536434931848e-22 2.121954244730781e-21 1.116358332741768e-19 -2.491661850623544e-19 -1.185779560158231e-03 -9.434293174800306e-04
2.280018748591924e+00 -1.243342540947875e-23 2.096973125120944e-21 9.958167063371270e-20 -2.510120823212000e-19 -1.030078463384281e-03 -1.122148871109527e-03
2.290525747433361e+00 1.092973688711262e-22 2.059979227981927e-21 8.751420927421327e-20 -2.519511353027728e-19 -8.645663501125301e-04 -1.305234721281861e-03
2.301032746274798e+00 2.301356460919601e-22 2.011301716925080e-21 7.549664726451846e-20 -2.519744905808996e-19 -6.888344907014849e-04 -1.491546095910781e-03
2.311539745116236e+00 3.496895122188757e-22 1.951328708116798e-21 6.358961385657729e-20 -2.510761261534301e-19 -5.025334520375694e-04 -1.679910960961127e-03
2.322046743957673e+00 4.675796404787268e-22 1.880504183972725e-21 5.185083071443088e-20 -2.492528268979484e-19 -3.053820365369119e-04 -1.869132200810108e-03
2.332553742799111e+00 5.834405609758793e-22 1.799324604021745e-21 4.033479874173995e-20 -2.465041502455964e-19 -9.717573984018346e-05 -2.057993898359064e-03
2.343060741640548e+00 6.969218674017713e-22 1.708335238150503e-21 2.909251236167311e-20 -2.428323823955875e-19 1.222053714671122e-04 -2.245267680098617e-03
2.353567740481985e+00 8.076893369316883e-22 1.608126248888150e-21 1.817120289509785e-20 -2.382424854281006e-19 3.527894561097735e-04 -2.429719091369781e-03
2.364074739323423e+00 9.154259597116653e-22 1.499328551102912e-21 7.614112466985026e-21 -2.327420357057843e-19 5.945064567644150e-04 -2.610113967317737e-03
2.374581738164860e+00 1.019832874903137e-21 1.382609478521040e-21 -2.539700356499065e-21 -2.263411539849300e-19 8.471825029965877e-04 -2.785224765494788e-03
2.385088737006298e+00 1.120630210629533e-21 1.258668287796655e-21 -1.225552222988521e-20 -2.190524276855928e-19 1.110535233088632e-03 -2.953836826728660e-03
2.395595735847735e+00 1.217557825696053e-21 1.128231531352166e-21 -2.150311325994349e-20 -2.108908257959799e-19 1.384170101234539e-03 -3.114754531732144e-03
2.406102734689173e+00 1.310375951374098e-21 9.920483312749857e-22 -3.025680131811660e-20 -2.018736069098818e-19 1.667577727807761e-03 -3.266807321963263e-03
2.416609733530610e+00 1.398865732047580e-21 8.508855864991031e-22 -3.849554219255937e-20 -1.920202209168705e-19 1.960132340960722e-03 -3.408855554469318e-03
2.427116732372048e+00 1.482829663972527e-21 7.055231459592991e-22 -4.620294558232507e-20 -1.813522048832932e-19 2.261091347878999e-03 -3.539796161823424e-03
2.437623731213485e+00 1.562091931874329e-21 5.567489801900248e-22 -5.336726718097967e-20 -1.698930736777123e-19 2.569596063601701e-03 -3.658568089798894e-03
2.448130730054923e+00 1.636498643572791e-21 4.053543835770916e-22 -5.998136733753034e-20 -1.576682059073377e-19 2.884673614568264e-03 -3.764157487099940e-03
2.458637728896360e+00 1.705917963251085e-21 2.521292389039474e-22 -6.604263701860353e-20 -1.447047257420819e-19 3.205240023039056e-03 -3.855602623270438e-03
2.469144727737797e+00 1.770240144537815e-21 9.785737518358627e-23 -7.155289202458928e-20 -1.310313812104051e-19 3.530104467386937e-03 -3.931998512806445e-03
2.479651726579235e+00 1.829377464796316e-21 -5.668795140777094e-23 -7.651823663447469e-20 -1.166784195553273e-19 3.857974702018458e-03 -3.992501225526718e-03
2.490158725420672e+00 1.883264062703584e-21 -2.107484245974165e-22 -8.094889806404142e-20 -1.016774602412443e-19 4.187463609552293e-03 -4.036331865325159e-03
2.500665724262110e+00 1.931855681399142e-21 -3.635848557649174e-22 -8.485903332293191e-20 -8.606136620085888e-20 4.517096846851072e-03 -4.062780201606256e-03
2.511172723103547e+00 1.975129319986424e-21 -5.144811665106806e-22 -8.826651024270878e-20 -6.986411390808549e-20 4.845321535766821e-03 -4.071207939904268e-03
2.521679721944984e+00 2.013082796490752e-21 -6.627481419539437e-22 -9.119266462126269e-20 -5.312066285629012e-20 5.170515939061688e-03 -4.061051620438472e-03
2.532186720786422e+00 2.045734225825523e-21 -8.077269325331674e-22 -9.366203558645951e-20 -3.586682501259181e-20 5.491000052043734e-03 -4.031825135603032e-03
2.542693719627859e+00 2.073121416464480e-21 -9.487922841800072e-22 -9.570208142378354e-20 -1.813913480681734e-20 5.805047031041520e-03 -3.983121859692363e-03
2.553200718469297e+00 2.095301190120993e-21 -1.085355478838388e-21 -9.734287823612637e-20 2.527979925172948e-23 6.110895371138436e-03 -3.914616386359930e-03
2.563707717310734e+00 2.112348628689236e-21 -1.216866969639130e-21 -9.861680391040001e-20 1.858882463424315e-20 6.406761737506142e-03 -3.826065871606523e-03
2.574214716152172e+00 2.124356253310404e-21 -1.342818697415094e-21 -9.955820995214183e-20 3.751356452031224e-20 6.690854347507667e-03 -3.717310982199652e-03
2.584721714993609e+00 2.131433140348784e-21 -1.462746077651901e-21 -1.002030838170337e-19 5.676134586825954e-20 6.961386794325885e-03 -3.588276451639701e-03
2.595228713835047e+00 2.133703979578145e-21 -1.576229649595466e-21 -1.005887044159164e-19 7.629391619724011e-20 7.216592197505778e-03 -3.438971247761191e-03
2.605735712676484e+00 2.131308079807452e-21 -1.682896381651668e-21 -1.007532934971395e-19 9.607304013764573e-20 7.454737561310243e-03 -3.269488358124255e-03
2.616242711517921e+00 2.124398327546781e-21 -1.782420629942831e-21 -1.007356656176145e-19 1.160606115010016e-19 7.674138218429901e-03 -3.080004201165524e-03
2.626749710359359e+00 2.113140104324302e-21 -1.874524749367702e-21 -1.005748794006705e-19 1.362187610294486e-19 7.873172234229002e-03 -2.870777672910147e-03
2.637256709200796e+00 2.097710168426793e-21 -1.958979359101438e-21 -1.003098927457329e-19 1.565099594665759e-19 8.050294645486730e-03 -2.642148840704009e-03
2.647763708042234e+00 2.078295506926246e-21 -2.035603267068228e-21 -9.997922460227645e-20 1.768971156219753e-19 8.204051407480300e-03 -2.394537296965133e-03
2.658270706883671e+00 2.055092163875546e-21 -2.104263060264912e-21 -9.962062584789757e-20 1.973436691341413e-19 8.333092924251679e-03 -2.128440187409184e-03
2.668777705725109e+00 2.028304050624322e-21 -2.164872370344871e-21 -9.927076172007136e-20 2.178136776687897e-19 8.436187039040555e-03 -1.844429929465203e-03
2.679284704566546e+00 1.998141744184134e-21 -2.217390826106008e-21 -9.896490814221440e-20 2.382718983235405e-19 8.512231365096766e-03 -1.543151637770023e-03
2.689791703407983e+00 1.964821279556010e-21 -2.261822706748343e-21 -9.873666415904295e-20 2.586838630440755e-19 8.560264841412138e-03 -1.225320274637621e-03
2.700298702249421e+00 1.928562941879950e-21 -2.298215311890538e-21 -9.861768255475000e-20 2.790159478914969e-19 8.579478403291879e-03 -8.917175442613498e-04
2.710805701090858e+00 1.889590064194141e-21 -2.326657066104693e-21 -9.863742057011263e-20 2.992354360358949e-19 8.569224664073696e-03 -5.431885501581192e-04
2.721312699932296e+00 1.848127836480969e-21 -2.347275377854850e-21 -9.882291246607045e-20 3.193105743855132e-19 8.529026511664784e-03 -1.806382358888886e-04
2.731819698773733e+00 1.804402131562553e-21 -2.360234273921374e-21 -9.919856549669290e-20 3.392106237966799e-19 8.458584531813296e-03 1.949723704070409e-04
2.742326697615171e+00 1.758638353251356e-21 -2.365731832169300e-21 -9.978598066262486e-20 3.589059028437262e-19 8.357783179129389e-03 5.826300868843216e-04
2.752833696456608e+00 1.711060311986063e-21 -2.363997436664140e-21 -1.006037994127677e-19 3.783678251626151e-19 8.226695626715713e-03 9.812736633141737e-04
2.763340695298046e+00 1.661889133018779e-21 -2.355288880034716e-21 -1.016675772503274e-19 3.975689304159126e-19 8.065587235795420e-03 1.389797999856953e-03
2.773847694139483e+00 1.611342201938044e-21 -2.339889339307066e-21 -1.029896849851170e-19 4.164829089589266e-19 7.874917597832827e-03 1.807058478446499e-03
2.784354692980920e+00 1.559632152190610e-21 -2.318104251345186e-21 -1.045792381484184e-19 4.350846203199629e-19 7.655341113255621e-03 2.231875386079502e-03
2.794861691822358e+00 1.506965898871064e-21 -2.290258115369814e-21 -1.064420548676240e-19 4.533501056371773e-19 7.407706082871267e-03 2.663038409751088e-03
2.805368690663795e+00 1.453543722920455e-21 -2.256691249327161e-21 -1.085806422671072e-19 4.712565942256537e-19 7.133052300376014e-03 3.099311183112746e-03
2.815875689505233e+00 1.399558409565782e-21 -2.217756527726014e-21 -1.109942112419115e-19 4.887825044753661e-19 6.832607146807927e-03 3.539435865564032e-03
2.826382688346670e+00 1.345194444296733e-21 -2.173816127640922e-21 -1.136787192242609e-19 5.059074393086213e-19 6.507780200362413e-03 3.982137735045772e-03
2.836889687188108e+00 1.290627269876826e-21 -2.125238309744814e-21 -1.166269403475862e-19 5.226121764500039e-19 6.160156387488060e-03 4.426129776564571e-03
2.847396686029545e+00 1.236022607025251e-21 -2.072394260191049e-21 -1.198285621976992e-19 5.388786537859429e-19 5.791487713566181e-03 4.870117249220586e-03
2.857903684870982e+00 1.181535841406462e-21 -2.015655018559309e-21 -1.232703081362795e-19 5.546899501123597e-19 5.403683623596137e-03 5.312802215364554e-03
2.868410683712420e+00 1.127311479116177e-21 -1.955388515989083e-21 -1.269360839846660e-19 5.700302615888363e-19 4.998800055076784e-03 5.752888016389238e-03
2.878917682553857e+00 1.073482672523932e-21 -1.891956746429781e-21 -1.308071476694739e-19 5.848848742353445e-19 4.579027256583150e-03 6.189083680585292e-03
2.889424681395295e+00 1.020170817982982e-21 -1.825713092557405e-21 -1.348623002567201e-19 5.992401328233619e-19 4.146676456284805e-03 6.620108249441997e-03
2.899931680236732e+00 9.674852265653348e-22 -1.756999826365566e-21 -1.390780966392794e-19 6.130834065266473e-19 3.704165474746939e-03 7.044695009743635e-03
2.910438679078170e+00 9.155228686247238e-22 -1.686145802746559e-21 -1.434290739948702e-19 6.264030517083039e-19 3.254003385702577e-03 7.461595619790975e-03
2.920945677919607e+00 8.643681926347644e-22 -1.613464362550210e-21 -1.478879959993763e-19 6.391883722298244e-19 2.798774337007291e-03 7.869584119053578e-03
2.931452676761044e+00 8.140930183948420e-22 -1.539251459659181e-21 -1.524261106642618e-19 6.514295776745968e-19 2.341120651602709e-03 8.267460811526664e-03
2.941959675602482e+00 7.647565043440996e-22 -1.463784024565333e-21 -1.570134195678762e-19 6.631177398828901e-19 1.883725334959753e-03 8.654056014015470e-03
2.952466674443919e+00 7.164051883867192e-22 -1.387318574798616e-21 -1.616189561694067e-19 6.742447481974693e-19 1.429294121081360e-03 9.028233661492543e-03
2.962973673285357e+00 6.690731012067083e-22 -1.310090080287774e-21 -1.662110708311351e-19 6.848032638191045e-19 9.805371936744203e-04 9.388894762562860e-03
2.973480672126794e+00 6.227819509715460e-22 -1.232311089610374e-21 -1.707577201318143e-19 6.947866736685315e-19 5.401507224874944e-04 9.734980698923482e-03
2.983987670968232e+00 5.775413775298580e-22 -1.154171120646142e-21 -1.752267580289870e-19 7.041890441469678e-19 1.107983570509458e-04 1.006547636350611e-02
2.994494669809669e+00 5.333492744291371e-22 -1.075836316756319e-21 -1.795862264204786e-19 7.130050751809967e-19 -3.049071788545089e-04 1.037941313274630e-02
3.005001668651107e+00 4.901921763326734e-22 -9.974493676753302e-22 -1.838046426748963e-19 7.212300549272601e-19 -7.044222488910506e-04 1.067587166912485e-02
3.015508667492544e+00 4.480457093913912e-22 -9.191296914992407e-22 -1.878512817275491e-19 7.288598155029436e-19 -1.085290080153149e-03 1.095398455076719e-02
3.026015666333981e+00 4.068751016981486e-22 -8.409738722833402e-22 -1.916964503952029e-19 7.358906900936804e-19 -1.445158014176738e-03 1.121293872546988e-02
3.036522665175419e+00 3.666357507418545e-22 -7.630563453816334e-22 -1.953117516313550e-19 7.423194717760317e-19 -1.781794097354335e-03 1.145197778704729e-02
3.047029664016856e+00 3.272738445065375e-22 -6.854303205857337e-22 -1.986703365328055e-19 7.481433743745093e-19 -2.093102879980792e-03 1.167040407235004e-02
3.057536662858294e+00 2.887270326228121e-22 -6.081289310809873e-22 -2.017471420138106e-19 7.533599956544717e-19 -2.377140299087145e-03 1.186758057770735e-02
3.068043661699731e+00 2.509251437558900e-22 -5.311665943108818e-22 -2.045191121860743e-19 7.579672831318775e-19 -2.632127527206877e-03 1.204293269388602e-02
3.078550660541169e+00 2.137909452092349e-22 -4.545405690381857e-22 -2.069654016200759e-19 7.619635027588661e-19 -2.856463677196782e-03 1.219594975894043e-02
3.089057659382606e+00 1.772409405362350e-22 -3.782326912217623e-22 -2.090675588147657e-19 7.653472107209639e-19 -3.048737262144432e-03 1.232618642855627e-02
3.099564658224043e+00 1.411862007760880e-22 -3.022112698254811e-22 -2.108096883677475e-19 7.681172285568350e-19 -3.207736319163097e-03 1.243326386366540e-02
3.110071657065481e+00 1.055332248189917e-22 -2.264331222911839e-22 -2.121785905133461e-19 7.702726217861594e-19 -3.332457116392593e-03 1.251687073524464e-02
3.120578655906918e+00 7.018482418533295e-23 -1.508457282527984e-22 -2.131638768839187e-19 7.718126822040511e-19 -3.422111373759002e-03 1.257676404629323e-02
3.131085654748356e+00 3.504102753422857e-23 -7.538947908218861e-23 -2.137580615455781e-19 7.727369139727947e-19 -3.476131939854937e-03 1.261276977103701e-02
3.141592653589793e+00 0.000000000000000e+00 0.000000000000000e+00 -2.139566265615150e-19 7.730450236137103e-19 -3.494176879578339e-03 1.262478331143207e-02
