frequency = 899377375.7428404 Hz; phi = 1.5707963267948966 rad
theta(rad) Re(E_r) Im(E_r) Re(E_theta) Im(E_theta) Re(E_phi) Im(E_phi)
0.000000000000000e+00 0.000000000000000e+00 0.000000000000000e+00 -2.683891892923520e-02 -8.183845817417124e-02 0.000000000000000e+00 0.000000000000000e+00
1.050699884143744e-02 2.084159483685108e-21 3.035557354310207e-22 -1.642734316805847e-18 -5.004004140403465e-18 2.677161175190422e-02 8.170812643998954e-02
2.101399768287487e-02 4.157184860409656e-21 6.024166453627435e-22 -1.640703233287982e-18 -4.982572815668308e-18 2.657034606262548e-02 8.131784100406571e-02
3.152099652431230e-02 6.208021196523644e-21 8.919479056452589e-22 -1.637302834996278e-18 -4.946977455277657e-18 2.623708201483654e-02 8.066972628628050e-02
4.202799536574974e-02 8.225771202137033e-21 1.167633871767314e-21 -1.632510608499828e-18 -4.897402430572752e-18 2.577506203638353e-02 7.976730675970634e-02
5.253499420718718e-02 1.019977230330117e-20 1.425135623258492e-21 -1.626295778789701e-18 -4.834104069677427e-18 2.518877439237292e-02 7.861548275024648e-02
6.304199304862461e-02 1.211967163520328e-20 1.660346087498908e-21 -1.618620037740694e-18 -4.757408884475068e-18 2.448390277918448e-02 7.722049683407420e-02
7.354899189006205e-02 1.397549829757743e-20 1.869441992011664e-21 -1.609438459090433e-18 -4.667711317546748e-18 2.366726254664665e-02 7.558989110769386e-02
8.405599073149948e-02 1.575773224235117e-20 2.048931941248255e-21 -1.598700584208705e-18 -4.565471028598780e-18 2.274672430319196e-02 7.373245567952305e-02
9.456298957293692e-02 1.745736919882094e-20 2.195699970917138e-21 -1.586351660002384e-18 -4.451209743823580e-18 2.173112580793838e-02 7.165816880253661e-02
1.050699884143744e-01 1.906598108308270e-20 2.307043999475719e-21 -1.572334007659136e-18 -4.325507695317933e-18 2.063017319129749e-02 6.937812913431247e-02
1.155769872558118e-01 2.057577138567346e-20 2.380708671612531e-21 -1.556588498621856e-18 -4.188999681092536e-18 1.945433267027050e-02 6.690448067315873e-02
1.260839860972492e-01 2.197962508328002e-20 2.414912170303974e-21 -1.539056112351141e-18 -4.042370779274727e-18 1.821471403627798e-02 6.425033097580668e-02
1.365909849386867e-01 2.327115267728768e-20 2.408366662677018e-21 -1.519679548905805e-18 -3.886351752870683e-18 1.692294728758887e-02 6.142966331384205e-02
1.470979837801241e-01 2.444472802199884e-20 2.360292137032069e-21 -1.498404868418925e-18 -3.721714183803995e-18 1.559105385796421e-02 5.845724347103511e-02
1.576049826215615e-01 2.549551966919289e-20 2.270423484813153e-21 -1.475183128936575e-18 -3.549265376950118e-18 1.423131395305360e-02 5.534852192275942e-02
1.681119814629990e-01 2.641951552114447e-20 2.139010778215379e-21 -1.449971994066817e-18 -3.369843076438371e-18 1.285613154951004e-02 5.211953217038476e-02
1.786189803044364e-01 2.721354065193176e-20 1.966812792284458e-21 -1.422737282241234e-18 -3.184310037659355e-18 1.147789863475522e-02 4.878678602854363e-02
1.891259791458738e-01 2.787526822480697e-20 1.755083916307855e-21 -1.393454430292329e-18 -2.993548499124943e-18 1.010886027043454e-02 4.536716668062023e-02
1.996329779873113e-01 2.840322350187776e-20 1.505554693266620e-21 -1.362109845343835e-18 -2.798454598627316e-18 8.760982047628502e-03 4.187782032809335e-02
2.101399768287487e-01 2.879678100935470e-20 1.220406314651846e-21 -1.328702120808385e-18 -2.599932777982444e-18 7.445821469135914e-03 3.833604726200780e-02
2.206469756701862e-01 2.905615498830367e-20 9.022394831627797e-22 -1.293243094374194e-18 -2.398890220108916e-18 6.174404741236845e-03 3.475919318050338e-02
2.311539745116236e-01 2.918238332363454e-20 5.540381309325533e-22 -1.255758728468511e-18 -2.196231361174941e-18 4.957110388994919e-03 3.116454156422694e-02
2.416609733530610e-01 2.917730520575356e-20 1.791285520298377e-22 -1.216289796450124e-18 -1.992852519211338e-18 3.803561021453170e-03 2.756920790285147e-02
2.521679721944984e-01 2.904353283575284e-20 -2.188654334738586e-22 -1.174892360968559e-18 -1.789636678806221e-18 2.722524471780918e-03 2.399003654007265e-02
2.626749710359359e-01 2.878441753847984e-20 -6.360706150688256e-22 -1.131638034236111e-18 -1.587448469413655e-18 1.721825420162508e-03 2.044350087244965e-02
2.731819698773733e-01 2.840401069593621e-20 -1.068415118550791e-21 -1.086614013489512e-18 -1.387129372374575e-18 8.082684777634665e-04 1.694560759921633e-02
2.836889687188108e-01 2.790701995642330e-20 -1.511680986673437e-21 -1.039922888548525e-18 -1.189493189024897e-18 -1.242643087782038e-05 1.351180567637659e-02
2.941959675602482e-01 2.729876121253362e-20 -1.961557858100719e-21 -9.916822220446166e-19 -9.953217992949985e-19 -7.356757004540287e-04 1.015690057946806e-02
3.047029664016856e-01 2.658510687231164e-20 -2.413696983391042e-21 -9.420239065757915e-19 -8.053612369920192e-19 -1.358070164029348e-03 6.894974425820238e-03
3.152099652431231e-01 2.577243097332718e-20 -2.863764821544713e-21 -8.910933066353722e-19 -6.203181045745208e-19 -1.877399334391765e-03 3.739312449619937e-03
3.257169640845605e-01 2.486755170817063e-20 -3.307495477327233e-21 -8.390481966381752e-19 -4.408563466915316e-19 -2.292661570963148e-03 7.023362621681691e-04
3.362239629259979e-01 2.387767194237492e-20 -3.740741266543124e-21 -7.860575096510564e-19 -2.675943981241185e-19 -2.604060144968663e-03 -2.204455733953828e-03
3.467309617674353e-01 2.281031831139807e-20 -4.159520734701001e-21 -7.322999144890688e-19 -1.011027180567396e-19 -2.812985344383601e-03 -4.970540473836111e-03
3.572379606088728e-01 2.167327948289265e-20 -4.560063501260193e-21 -6.779622415943757e-19 5.809828111272283e-20 -2.921982926527184e-03 -7.586414666502362e-03
3.677449594503102e-01 2.047454416341653e-20 -4.938851358157279e-21 -6.232377805480161e-19 2.095399059298649e-19 -2.934709387874010e-03 -1.004363137058456e-02
3.782519582917477e-01 1.922223941572601e-20 -5.292655115202724e-21 -5.683244741224274e-19 3.528064541642448e-19 -2.855874675840474e-03 -1.233482860947958e-02
3.887589571331851e-01 1.792456983387084e-20 -5.618566755703884e-21 -5.134230354379812e-19 4.875360899302740e-19 -2.691173114063318e-03 -1.445374999344680e-02
3.992659559746226e-01 1.658975809902290e-20 -5.914026542148483e-21 -4.587350160141787e-19 6.134213277926294e-19 -2.447203449203014e-03 -1.639525738226924e-02
4.097729548160600e-01 1.522598740933568e-20 -6.176844792317725e-21 -4.044608532823099e-19 7.302091352694118e-19 -2.131379052110882e-03 -1.815533568639183e-02
4.202799536574974e-01 1.384134624326424e-20 -6.405218130193077e-21 -3.507979264472069e-19 8.377006662135619e-19 -1.751829417541838e-03 -1.973108996635482e-02
4.307869524989348e-01 1.244377587746339e-20 -6.597740101427749e-21 -2.979386494402710e-19 9.357506404045864e-19 -1.317294203455912e-03 -2.112073504922862e-02
4.412939513403723e-01 1.104102103864176e-20 -6.753406129007699e-21 -2.460686291005558e-19 1.024266387284205e-18 -8.370111320654666e-04 -2.232357793617653e-02
4.518009501818097e-01 9.640584024016348e-21 -6.871612869616022e-21 -1.953649156662956e-19 1.103206574103266e-18 -3.205991392677583e-04 -2.333999332675557e-02
4.623079490232472e-01 8.249682577992924e-21 -6.952152114217871e-21 -1.459943711806098e-19 1.172579640794301e-18 2.220617938758739e-04 -2.417139263270020e-02
4.728149478646846e-01 6.875211763600037e-21 -6.995199454934580e-21 -9.811217951500161e-20 1.232441965635573e-18 7.809526643980771e-04 -2.482018689635872e-02
4.833219467061221e-01 5.523710017441156e-21 -7.001298015558557e-21 -5.186051946336497e-20 1.282895787209231e-18 1.346037851224935e-03 -2.528974406640915e-02
4.938289455475595e-01 4.201329526189831e-21 -6.971337611177008e-21 -7.367419748599411e-21 1.324086909283050e-18 1.907386431925410e-03 -2.558434111569139e-02
5.043359443889969e-01 2.913811012318217e-21 -6.906529764617635e-21 3.525418810633158e-20 1.356202216051556e-18 2.455290969637190e-03 -2.570911151282733e-02
5.148429432304343e-01 1.666462967062952e-21 -6.808379062117979e-21 7.590720622716714e-20 1.379467025664818e-18 2.980382369682324e-03 -2.566998858061166e-02
5.253499420718718e-01 4.641453200896131e-22 -6.678651376156660e-21 1.145108866868307e-19 1.394142310155786e-18 3.473739464241603e-03 -2.547364528993559e-02
5.358569409133092e-01 -6.887425111951701e-22 -6.519339521031358e-21 1.510011216539695e-19 1.400521809758398e-18 3.926992058640326e-03 -2.512743104822908e-02
5.463639397547466e-01 -1.788269294052794e-21 -6.332626934326606e-21 1.853305049606167e-19 1.398929069202006e-18 4.332416262690127e-03 -2.463930604617761e-02
5.568709385961841e-01 -2.830975517356705e-21 -6.120849995622951e-21 2.174681662509879e-19 1.389714422887841e-18 4.683021034250279e-03 -2.401777372590193e-02
5.673779374376215e-01 -3.813872974114268e-21 -5.886459602218842e-21 2.473993824387183e-19 1.373251954919025e-18 4.972624978229219e-03 -2.327181192807126e-02
5.778849362790589e-01 -4.734440605265098e-21 -5.631982620014525e-21 2.751249746852456e-19 1.349936458786826e-18 5.195922571038911e-03 -2.241080326480480e-02
5.883919351204964e-01 -5.590616851132451e-21 -5.359983817043243e-21 3.006605024500313e-19 1.320180420137504e-18 5.348539116610846e-03 -2.144446524994718e-02
5.988989339619338e-01 -6.380788783588159e-21 -5.073028866490369e-21 3.240352693185515e-19 1.284411044478730e-18 5.427073883422977e-03 -2.038278069875825e-02
6.094059328033713e-01 -7.103778313865839e-21 -4.773648977113251e-21 3.452911582309875e-19 1.243067349958233e-18 5.429131020862051e-03 -1.923592888559018e-02
6.199129316448087e-01 -7.758825789272573e-21 -4.464307671555353e-21 3.644813163455691e-19 1.196597343493975e-18 5.353338006110497e-03 -1.801421792103284e-02
6.304199304862461e-01 -8.345571304414311e-21 -4.147370188119755e-21 3.816687120928641e-19 1.145455296569048e-18 5.199351526746532e-03 -1.672801877994924e-02
6.409269293276836e-01 -8.864034061803898e-21 -3.825075929968175e-21 3.969245888991142e-19 1.090099134972234e-18 4.967850858686130e-03 -1.538770137893020e-02
6.514339281691210e-01 -9.314590120098652e-21 -3.499514328160963e-21 4.103268416232692e-19 1.030987954676774e-18 4.660518950865887e-03 -1.400357306673865e-02
6.619409270105584e-01 -9.697948868557568e-21 -3.172604422777927e-21 4.219583428733882e-19 9.685796739523851e-19 4.280011576333167e-03 -1.258581985447290e-02
6.724479258519959e-01 -1.001512856076919e-20 -2.846078400042884e-21 4.319052470951261e-19 9.033288297045444e-19 3.829915051343372e-03 -1.114445067422370e-02
6.829549246934333e-01 -1.026743123261992e-20 -2.521469254642389e-21 4.402553005796475e-19 8.356845239798043e-19 3.314693158950819e-03 -9.689244916101205e-03
6.934619235348707e-01 -1.045641731657584e-20 -2.200102675848667e-21 4.470961853723963e-19 7.660885245726425e-19 2.739624038999764e-03 -8.229703454365932e-03
7.039689223763081e-01 -1.058388024836594e-20 -1.883093185041043e-21 4.525139244503224e-19 6.949735217518547e-19 2.110727921347687e-03 -6.775003334326484e-03
7.144759212177456e-01 -1.065182134298195e-20 -1.571344481803828e-21 4.565913744941120e-19 6.227615413109448e-19 1.434686682087555e-03 -5.333956253137187e-03
7.249829200591831e-01 -1.066242519462224e-20 -1.265553886880829e-21 4.594068311337422e-19 5.498625124537229e-19 7.187562922845631e-04 -3.914970930054994e-03
7.354899189006204e-01 -1.061803583116337e-20 -9.662207043446858e-22 4.610327696998561e-19 4.766729874787654e-19 -2.932669555906008e-05 -2.526019425428201e-03
7.459969177420579e-01 -1.052113382689308e-20 -6.736582627404145e-22 4.615347423195740e-19 4.035750088258180e-19 -8.014434174748390e-04 -1.174607433101243e-03
7.565039165834954e-01 -1.037431454949465e-20 -3.880093372301481e-22 4.609704496664319e-19 3.309351178185162e-19 -1.589194473448496e-03 1.322514617307754e-04
7.670109154249328e-01 -1.018026768801006e-20 -1.092646022564581e-22 4.593890028637486e-19 2.591034983801415e-19 -2.384003928191125e-03 1.388057597587672e-03
7.775179142663702e-01 -9.941758178919866e-21 1.627162819260966e-22 4.568303879828974e-19 1.884132481264988e-19 -3.177224244223894e-03 2.586843190992588e-03
7.880249131078076e-01 -9.661608617190077e-21 4.281813851775459e-22 4.533251423268981e-19 1.191797685468265e-19 -3.960240857507943e-03 3.723186521582627e-03
7.985319119492451e-01 -9.342683209429834e-21 6.874614943695896e-22 4.488942482858986e-19 5.170026547969897e-20 -4.724575125079222e-03 4.792222462152668e-03
8.090389107906826e-01 -8.987873297332629e-21 9.409438640812000e-22 4.435492470510801e-19 -1.374664922693289e-20 -5.461984409021401e-03 5.789649487326642e-03
8.195459096321199e-01 -8.600084450955341e-21 1.189045240791466e-21 4.372925709313164e-19 -7.690126413021997e-20 -6.164558110902506e-03 6.711733311266021e-03
8.300529084735574e-01 -8.182225104868813e-21 1.432184678497024e-21 4.301180894776018e-19 -1.375229919072107e-19 -6.824808534829596e-03 7.555307318552401e-03
8.405599073149949e-01 -7.737196685281232e-21 1.670756663665891e-21 4.220118611451510e-19 -1.953905193992034e-19 -7.435755534635965e-03 8.317769963137118e-03
8.510669061564322e-01 -7.267885152807297e-21 1.905105060054153e-21 4.129530788563987e-19 -2.503018926791496e-19 -7.991003990009151e-03 8.997079318353690e-03
8.615739049978697e-01 -6.777153865416852e-21 2.135498367376444e-21 4.029151946266502e-19 -3.020745453405067e-19 -8.484813256875263e-03 9.591744966067612e-03
8.720809038393071e-01 -6.267837647523241e-21 2.362106765089487e-21 3.918672054147387e-19 -3.505452776112884e-19 -8.912157846971179e-03 1.010081741589809e-02
8.825879026807446e-01 -5.742737936211438e-21 2.584981381216356e-21 3.797750796229384e-19 -3.955701931712603e-19 -9.268778709610310e-03 1.052387524551207e-02
8.930949015221820e-01 -5.204618862940664e-21 2.804036189306500e-21 3.666033012159925e-19 -4.370245997547524e-19 -9.551224612777510e-03 1.086101015121043e-02
9.036019003636194e-01 -4.656204119828522e-21 3.019032892931306e-21 3.523165063096951e-19 -4.748028787414627e-19 -9.756883249890458e-03 1.111281009404729e-02
9.141088992050569e-01 -4.100174453292838e-21 3.229569108279664e-21 3.368811853192674e-19 -5.088183280094444e-19 -9.884001830820555e-03 1.128034072109371e-02
9.246158980464944e-01 -3.539165624613260e-21 3.435070101902819e-21 3.202674223843926e-19 -5.390029813628159e-19 -9.931697049455375e-03 1.136512523436622e-02
9.351228968879317e-01 -2.975766677060093e-21 3.634784283456184e-21 3.024506428161565e-19 -5.653074068742151e-19 -9.899954453377630e-03 1.136912287177195e-02
9.456298957293692e-01 -2.412518351940907e-21 3.827782592537449e-21 2.834133387770070e-19 -5.877004855051192e-19 -9.789617372899396e-03 1.129470615506332e-02
9.561368945708066e-01 -1.851911502038773e-21 4.012961856597585e-21 2.631467432831481e-19 -6.061691704275410e-19 -9.602365694312500e-03 1.114463705020236e-02
9.666438934122441e-01 -1.296385359348516e-21 4.189052132902940e-21 2.416524229499251e-19 -6.207182265610211e-19 -9.340684885056263e-03 1.092204217525247e-02
9.771508922536815e-01 -7.483255253050459e-22 4.354627983615250e-21 2.189437606543196e-19 -6.313699489950363e-19 -9.007825794442977e-03 1.063038718076069e-02
9.876578910951189e-01 -2.100615652207305e-22 4.508123569593144e-21 1.950473004710130e-19 -6.381638581947662e-19 -8.607755861557483e-03 1.027345041753243e-02
9.981648899365564e-01 3.161358957022919e-22 4.647851386592961e-21 1.700039288301011e-19 -6.411563692053999e-19 -8.145102460567575e-03 9.855295997073852e-03
1.008671888777994e+00 8.280586599552958e-22 4.772024407983637e-21 1.438698678269150e-19 -6.404204314887286e-19 -7.625089201830422e-03 9.380246340983002e-03
1.019178887619431e+00 1.323565095094570e-21 4.878781341723823e-21 1.167174589624608e-19 -6.360451355565964e-19 -7.053466083858113e-03 8.852854307403091e-03
1.029685886460869e+00 1.800584966925610e-21 4.966214656961320e-21 8.863571827692858e-20 -6.281352822178720e-19 -6.436434455574257e-03 8.277874975481421e-03
1.040192885302306e+00 2.257124993500655e-21 5.032400987929487e-21 5.973064682416993e-20 -6.168109100358295e-19 -5.780567799679620e-03 7.660237162741186e-03
1.050699884143744e+00 2.691275123399358e-21 5.075433480491755e-21 3.012528368368377e-20 -6.022067765060437e-19 -5.092729385848897e-03 7.005014745481042e-03
1.061206882985181e+00 3.101215520074637e-21 5.093455610308734e-21 -4.050782343745601e-23 -5.844717885137154e-19 -4.379987866579882e-03 6.317397848843813e-03
1.071713881826618e+00 3.485224212555921e-21 5.084695971683941e-21 -3.061052640177520e-20 -5.637683778141672e-19 -3.649531898668694e-03 5.602663971082566e-03
1.082220880668056e+00 3.841685351839485e-21 5.047503513060508e-21 -6.141299344432633e-20 -5.402718175993398e-19 -2.908584869521326e-03 4.866149105813291e-03
1.092727879509493e+00 4.169097992268054e-21 4.980382679398590e-21 -9.226158614631689e-20 -5.141694766625617e-19 -2.164320790071034e-03 4.113218926637833e-03
1.103234878350931e+00 4.466085298269829e-21 4.882027913087360e-21 -1.229567372432042e-19 -4.856600082474757e-19 -1.423782385282953e-03 3.349240100429221e-03
1.113741877192368e+00 4.731404059556039e-21 4.751356964440220e-21 -1.532871916798376e-19 -4.549524713570654e-19 -6.938023697350293e-04 2.579551798647622e-03
1.124248876033806e+00 4.963954382245065e-21 4.587542469397761e-21 -1.830318067296972e-19 -4.222653830944560e-19 1.907115982606489e-05 1.809437480247103e-03
1.134755874875243e+00 5.162789409972372e-21 4.390041266818013e-21 -2.119615784108551e-19 -3.878257014988156e-19 7.086443497802310e-04 1.044097024836736e-03
1.145262873716681e+00 5.327124917721689e-21 4.158620949090814e-21 -2.398418735539792e-19 -3.518677393100298e-19 1.369141444589270e-03 2.886193006586982e-04
1.155769872558118e+00 5.456348612495620e-21 3.893383169454923e-21 -2.664348435938975e-19 -3.146320101364447e-19 1.995262169222509e-03 -4.520447415945634e-04
1.166276871399555e+00 5.550028968758573e-21 3.594783264712866e-21 -2.915019931482647e-19 -2.763640095863637e-19 2.582232030792111e-03 -1.173108351260875e-03
1.176783870240993e+00 5.607923423333927e-21 3.263645795050737e-21 -3.148068737327267e-19 -2.373129350497896e-19 3.125845031589163e-03 -1.869974531620341e-03
1.187290869082430e+00 5.629985753928546e-21 2.901175650472933e-21 -3.361178706021683e-19 -1.977303489524756e-19 3.622498391374653e-03 -2.538260753474514e-03
1.197797867923868e+00 5.616372467911290e-21 2.508964427607726e-21 -3.552110487173025e-19 -1.578687914439048e-19 4.069218986196787e-03 -3.173822710009865e-03
1.208304866765305e+00 5.567448033299049e-21 2.088991838883900e-21 -3.718730222599556e-19 -1.179803495951380e-19 4.463681322722827e-03 -3.772776988528632e-03
1.218811865606743e+00 5.483788792107860e-21 1.643621978824864e-21 -3.859038109745908e-19 -7.831519126070614e-20 4.804216979617825e-03 -4.331522529362701e-03
1.229318864448180e+00 5.366185407211201e-21 1.175594338088138e-21 -3.971196459228564e-19 -3.912007277881375e-20 5.089815559397554e-03 -4.846760738042023e-03
1.239825863289617e+00 5.215643707536863e-21 6.880095243390495e-22 -4.053556870153683e-19 -6.368306307244605e-22 5.320117303994464e-03 -5.315514113761452e-03
1.250332862131055e+00 5.033383812494295e-21 1.843097190658873e-22 -4.104686149405758e-19 3.689913196784936e-20 5.495397633545165e-03 -5.735143255633298e-03
1.260839860972492e+00 4.820837435249055e-21 -3.317460294512169e-22 -4.123390608470244e-19 7.326035181734560e-20 5.616543969435969e-03 -6.103362108157000e-03
1.271346859813930e+00 4.579643284698395e-21 -8.561115062719964e-22 -4.108738383517758e-19 1.082287934840780e-19 5.685025297865693e-03 -6.418251309236382e-03
1.281853858655367e+00 4.311640508773749e-21 -1.384487782051580e-21 -4.060079441352305e-19 1.415973052041844e-19 5.702855018372961e-03 -6.678269507609982e-03
1.292360857496805e+00 4.018860145332550e-21 -1.912362108814468e-21 -3.977062955263930e-19 1.731710297627795e-19 5.672547701297601e-03 -6.882262522379520e-03
1.302867856338242e+00 3.703514572294957e-21 -2.435050885069475e-21 -3.859651760661810e-19 2.027687569705319e-19 5.597070448632575e-03 -7.029470224936792e-03
1.313374855179679e+00 3.367984974618318e-21 -2.947746254636666e-21 -3.708133630304638e-19 2.302242043394284e-19 5.479789612847463e-03 -7.119531033510279e-03
1.323881854021117e+00 3.014806872359186e-21 -3.445565846238588e-21 -3.523129142721947e-19 2.553872126988117e-19 5.324413677692085e-03 -7.152483922458543e-03
1.334388852862554e+00 2.646653780837715e-21 -3.923605108924105e-21 -3.305595954658045e-19 2.781248438072456e-19 5.134933143006981e-03 -7.128767862458450e-03
1.344895851703992e+00 2.266319100504981e-21 -4.376991652333107e-21 -3.056829328674430e-19 2.983223675019040e-19 4.915558281858925e-03 -7.049218623743134e-03
1.355402850545429e+00 1.876696360130388e-21 -4.800940961380098e-21 -2.778458809971346e-19 3.158841265844292e-19 4.670655652648884e-03 -6.915062892444710e-03
1.365909849386867e+00 1.480757961999206e-21 -5.190812822736266e-21 -2.472440991551383e-19 3.307342684665890e-19 4.404684251145615e-03 -6.727909669746312e-03
1.376416848228304e+00 1.081532601623612e-21 -5.542167776083006e-21 -2.141048353523845e-19 3.428173335849303e-19 4.122132177761246e-03 -6.489738944783423e-03
1.386923847069741e+00 6.820815564664403e-22 -5.850822886798429e-21 -1.786854210127454e-19 3.520986917299692e-19 3.827454674127225e-03 -6.202887654804849e-03
1.397430845911179e+00 2.854740585694440e-22 -6.112906129251439e-21 -1.412713846274404e-19 3.585648187182750e-19 3.525014350371921e-03 -5.870032969893302e-03
1.407937844752616e+00 -1.052380164564935e-22 -6.324908670835137e-21 -1.021741973660036e-19 3.622234072408250e-19 3.219024381306128e-03 -5.494172964091946e-03
1.418444843594054e+00 -4.870458962212046e-22 -6.483734357114887e-21 -6.172866839869145e-20 3.631033072464008e-19 2.913495396340798e-03 -5.078604760024177e-03
1.428951842435491e+00 -8.570098337576280e-22 -6.586745717632091e-21 -2.029001231176607e-20 3.612542928391456e-19 2.612186725418295e-03 -4.626900259587268e-03
1.439458841276929e+00 -1.212284935524290e-21 -6.631805839923611e-21 2.176938455844512e-20 3.567466543688593e-19 2.318562592451431e-03 -4.142879598746668e-03
1.449965840118366e+00 -1.550146619415085e-21 -6.617315496288926e-21 6.406346784704109e-20 3.496706161536418e-19 2.035753769690290e-03 -3.630582489575996e-03
1.460472838959804e+00 -1.868015424060551e-21 -6.542244953158942e-21 1.061962540115246e-19 3.401355820741825e-19 1.766525122241021e-03 -3.094237637119703e-03
1.470979837801241e+00 -2.163480891583723e-21 -6.406159946462119e-21 1.477657658329679e-19 3.282692130965449e-19 1.513249382903402e-03 -2.538230442034774e-03
1.481486836642678e+00 -2.434324250081846e-21 -6.209241367462953e-21 1.883681229398230e-19 3.142163425943650e-19 1.277887404730033e-03 -1.967069222021750e-03
1.491993835484116e+00 -2.678539629736636e-21 -5.952298271582722e-21 2.276017430256511e-19 2.981377371276400e-19 1.061975043606873e-03 -1.385350205424606e-03
1.502500834325553e+00 -2.894353557916312e-21 -5.636773897139201e-21 2.650716072155807e-19 2.802087120744819e-19 8.666167270497168e-04 -7.977215687438565e-04
1.513007833166991e+00 -3.080242492895300e-21 -5.264744460756474e-21 3.003935413509344e-19 2.606176131773785e-19 6.924856695570383e-04 -2.088468059242795e-04
1.523514832008428e+00 -3.234948173988729e-21 -4.838910580594210e-21 3.331984638248159e-19 2.395641766409531e-19 5.398306006718746e-04 3.766322691825658e-04
1.534021830849866e+00 -3.357490586756095e-21 -4.362581266606363e-21 3.631365500483795e-19 2.172577818787884e-19 4.084887805859902e-04 9.541325750121391e-04
1.544528829691303e+00 -3.447178365433673e-21 -3.839650507743863e-21 3.898812636721318e-19 1.939156123312525e-19 2.979049909686722e-04 1.519166549206145e-03
1.555035828532740e+00 -3.503616481664356e-21 -3.274566578020553e-21 4.131332053333634e-19 1.697607409565566e-19 2.071561068709312e-04 2.067378345757958e-03
1.565542827374178e+00 -3.526711096819401e-21 -2.672294275973066e-21 4.326237309651983e-19 1.450201580015108e-19 1.349807801457277e-04 2.594579116622200e-03
1.576049826215615e+00 -3.516671486014384e-21 -2.038270403699006e-21 4.481182935690871e-19 1.199227594850089e-19 7.981369685246101e-05 3.096781054202516e-03
1.586556825057053e+00 -3.474008974226622e-21 -1.378352881365513e-21 4.594194648147749e-19 9.469731545897958e-20 3.982381145399483e-05 3.570229876788761e-03
1.597063823898490e+00 -3.399532858123466e-21 -6.987639796921064e-22 4.663695958705052e-19 6.957043753395508e-20 1.295591008710966e-05 4.011435448176843e-03
1.607570822739928e+00 -3.294343321532216e-21 -6.028235126201385e-24 4.688530804513814e-19 4.476456536959946e-20 -3.025185596296500e-06 4.417200235346686e-03
1.618077821581365e+00 -3.159821387130260e-21 6.930943108036761e-22 4.667981871735922e-19 2.049599182598178e-20 -1.048849304643767e-05 4.784645324123384e-03
1.628584820422802e+00 -2.997615981218692e-21 1.391678836202960e-21 4.601784328750838e-19 -3.027053758392551e-21 -1.188956076820637e-05 5.111233732090713e-03
1.639091819264240e+00 -2.809628222559767e-21 2.082709653224620e-21 4.490134735593614e-19 -2.560624514081336e-20 -9.722725514567504e-06 5.394790780508653e-03
1.649598818105677e+00 -2.597993079185564e-21 2.759156483688553e-21 4.333694949857265e-19 -4.705490324585334e-20 -6.473680700423268e-06 5.633521312407130e-03
1.660105816947115e+00 -2.365058568831637e-21 3.414052222733479e-21 4.133590906056401e-19 -6.719962725295893e-20 -4.573089292197601e-06 5.826023572150545e-03
1.670612815788552e+00 -2.113362708299926e-21 4.040571282764155e-21 3.891406204657739e-19 -8.588179630177291e-20 -6.351951035958666e-06 5.971299592314998e-03
1.681119814629990e+00 -1.845608444880714e-21 4.632107586270482e-21 3.609170507947342e-19 -1.029589266843059e-19 -1.399940036535583e-05 6.068761966385185e-03
1.691626813471427e+00 -1.564636827915549e-21 5.182351263685781e-21 3.289342801889615e-19 -1.183058708451395e-19 -2.952356805202298e-05 6.118236920220553e-03
1.702133812312864e+00 -1.273398700827887e-21 5.685363111801215e-21 2.934789645390841e-19 -1.318158461209820e-19 -5.471608742075889e-05 6.119963631095348e-03
1.712640811154302e+00 -9.749252128331919e-22 6.135645879500070e-21 2.548758590123070e-19 -1.434012829097141e-19 -9.112076541596372e-05 6.074589779997473e-03
1.723147809995739e+00 -6.722974651094189e-22 6.528211470912232e-21 2.134847014535304e-19 -1.529944838373004e-19 -1.400068710288316e-04 5.983163360371800e-03
1.733654808837177e+00 -3.686156179556550e-22 6.858643191356604e-21 1.696966674077245e-19 -1.605480874760921e-19 -2.023474194414027e-04 5.847120804197533e-03
1.744161807678614e+00 -6.696779336768876e-23 7.123152208376883e-21 1.239304325227356e-19 -1.660353322319074e-19 -2.788027508720600e-04 5.668271523773844e-03
1.754668806520052e+00 2.296008885578059e-22 7.318627458569334e-21 7.662788329278908e-20 -1.694501181345322e-19 -3.697096197498828e-04 5.448779004424453e-03
1.765175805361489e+00 5.181188011759880e-22 7.442678299930997e-21 2.824952187400880e-20 -1.708068664173994e-19 -4.750759235844034e-04 5.191138619101006e-03
1.775682804202927e+00 7.957174968152632e-22 7.493669288642239e-21 -2.073038501877214e-20 -1.701401789260171e-19 -5.945811131471973e-04 4.898152370149121e-03
1.786189803044364e+00 1.059660260537201e-21 7.470746547596306e-21 -6.982885940456038e-20 -1.675043015293268e-19 -7.275822375041895e-04 4.572900795905175e-03
1.796696801885801e+00 1.307369218704766e-21 7.373855290531641e-21 -1.185594106776534e-19 -1.629723977961080e-19 -8.731254904598257e-04 4.218712309925096e-03
1.807203800727239e+00 1.536450705112611e-21 7.203748169421848e-21 -1.664373203096082e-19 -1.566356412162255e-19 -1.029963040189446e-03 3.839130268166993e-03
1.817710799568676e+00 1.744718606900872e-21 6.961984222214106e-21 -2.129849515719897e-19 -1.486021361691918e-19 -1.196574842702588e-03 3.437878084005783e-03
1.828217798410114e+00 1.930215436011590e-21 6.650918312241991e-21 -2.577370222246918e-19 -1.389956796467627e-19 -1.371195063276686e-03 3.018822732278704e-03
1.838724797251551e+00 2.091230897901985e-21 6.273681067730003e-21 -3.002457778520846e-19 -1.279543774020317e-19 -1.551842659426198e-03 2.585937001360148e-03
1.849231796092989e+00 2.226317758460570e-21 5.834149448675342e-21 -3.400860040376034e-19 -1.156291297034948e-19 -1.736355615244790e-03 2.143260866338928e-03
1.859738794934426e+00 2.334304841532743e-21 5.336908187273670e-21 -3.768598168482913e-19 -1.021820032019766e-19 -1.922428261080576e-03 1.694862366532911e-03
1.870245793775863e+00 2.414307023014028e-21 4.787202465473072e-21 -4.102011731489964e-19 -8.778450655520947e-20 -2.107651065279593e-03 1.244798376692468e-03
1.880752792617301e+00 2.465732122640682e-21 4.190882307603891e-21 -4.397800450650393e-19 -7.261578838636183e-20 -2.289552246866292e-03 7.970756632275420e-04
1.891259791458738e+00 2.488284630862881e-21 3.554339275837482e-21 -4.653062064362615e-19 -5.686077686730853e-20 -2.465640530085000e-03 3.556126146066463e-04
1.901766790300176e+00 2.481966245512792e-21 2.884436159753726e-21 -4.865325833176650e-19 -4.070828071180889e-20 -2.633448344131734e-03 -7.579797129538961e-05
1.912273789141613e+00 2.447073229644473e-21 2.188430447679526e-21 -5.032581254389902e-19 -2.434907162000080e-20 -2.790574764409615e-03 -4.935246705576380e-04
1.922780787983051e+00 2.384190639865298e-21 1.473892454202827e-21 -5.153301609792981e-19 -7.973968256514961e-21 -2.934727495397204e-03 -8.941314294595425e-04
1.933287786824488e+00 2.294183510005012e-21 7.486190556004240e-22 -5.226462029850215e-19 8.228058362332256e-21 -3.063763209635620e-03 -1.274409434077764e-03
1.943794785665925e+00 2.178185110469897e-21 2.054405037489189e-23 -5.251551821857870e-19 2.407173861823312e-20 -3.175725582268769e-03 -1.631406535705651e-03
1.954301784507363e+00 2.037582437548539e-21 -7.023537848573000e-22 -5.228580877674288e-19 3.937729836447966e-20 -3.268880395606364e-03 -1.962453940005537e-03
1.964808783348800e+00 1.873999117761191e-21 -1.412143833515799e-21 -5.158080047613715e-19 5.397217537286523e-20 -3.341747132872473e-03 -2.265189896326082e-03
1.975315782190238e+00 1.689275942091272e-21 -2.101036834856996e-21 -5.041095440161414e-19 6.769264125057608e-20 -3.393126533950670e-03 -2.537580155052975e-03
1.985822781031675e+00 1.485449270946135e-21 -2.761476989200982e-21 -4.879176681385916e-19 8.038531316502534e-20 -3.422123647802361e-03 -2.777934994730164e-03
1.996329779873113e+00 1.264727574001805e-21 -3.386231827466746e-21 -4.674359242350913e-19 9.190854111942673e-20 -3.428165985388264e-03 -2.984922656695977e-03
2.006836778714550e+00 1.029466388896638e-21 -3.968478717806387e-21 -4.429141016509954e-19 1.021336580769799e-19 -3.411016452358146e-03 -3.157579062695185e-03
2.017343777555987e+00 7.821419989307219e-22 -4.501886914818078e-21 -4.146453401046428e-19 1.109460819153971e-19 -3.370780821377314e-03 -3.295313729942980e-03
2.027850776397425e+00 5.253241423028826e-22 -4.980694103995967e-21 -3.829627205458122e-19 1.182462599844701e-19 -3.307909588538682e-03 -3.397911837996682e-03
2.038357775238862e+00 2.616480738400353e-22 -5.399776455260727e-21 -3.482353776463248e-19 1.239504489145249e-19 -3.223194145612123e-03 -3.465532442094011e-03
2.048864774080300e+00 -6.213695437355029e-24 -5.754711273924234e-21 -3.108641789647278e-19 1.279913242591111e-19 -3.117757288608822e-03 -3.498702867896678e-03
2.059371772921737e+00 -2.755796552433734e-22 -6.041831424409604e-21 -2.712770214349606e-19 1.303184165268139e-19 -2.993038171962449e-03 -3.498309362390170e-03
2.069878771763175e+00 -5.437872274876781e-22 -6.258270800424642e-21 -2.299238008343534e-19 1.308983721400838e-19 -2.850771905219367e-03 -3.465584114595668e-03
2.080385770604612e+00 -8.082200579751806e-22 -6.402000223861131e-21 -1.872711142201260e-19 1.297150398290125e-19 -2.692964074168064e-03 -3.402088797321016e-03
2.090892769446050e+00 -1.066334365541738e-21 -6.471853272102273e-21 -1.437967589251179e-19 1.267693849010696e-19 -2.521860549537368e-03 -3.309694817003141e-03
2.101399768287487e+00 -1.315684060958366e-21 -6.467541658171724e-21 -9.998409452133838e-20 1.220792357006730e-19 -2.339913022518822e-03 -3.190560492384159e-03
2.111906767128925e+00 -1.553944366486501e-21 -6.389659918644512e-21 -5.631633615261793e-20 1.156788683629367e-19 -2.149740776256181e-03 -3.047105413953348e-03
2.122413765970362e+00 -1.778933688659077e-21 -6.239679298766157e-21 -1.327084877443844e-20 1.076184376531397e-19 -1.954089265016427e-03 -2.881982264441405e-03
2.132920764811800e+00 -1.988633521384765e-21 -6.019930861028319e-21 2.868648789982127e-20 9.796326324816740e-20 -1.755786127038187e-03 -2.698046405871526e-03
2.143427763653237e+00 -2.181206183478327e-21 -5.733577980720926e-21 6.910677456958018e-20 8.679298224093944e-20 -1.557695302188834e-03 -2.498323560488135e-03
2.153934762494674e+00 -2.355010223831492e-21 -5.384578527897972e-21 1.075633799609870e-19 7.420057991832930e-20 -1.362669960826463e-03 -2.285975931073685e-03
2.164441761336112e+00 -2.508613358254445e-21 -4.977637167940948e-21 1.436569555784558e-19 6.029131196413582e-20 -1.173504975075679e-03 -2.064267120544705e-03
2.174948760177549e+00 -2.640802834117705e-21 -4.518148340696553e-21 1.770201154948473e-19 4.518153216053647e-20 -9.928896776557942e-04 -1.836526221149920e-03
2.185455759018986e+00 -2.750593151874081e-21 -4.012130599280109e-21 2.073217230885044e-19 2.899744039586769e-20 -8.233616561759929e-04 -1.606111449984009e-03
2.195962757860424e+00 -2.837231105901076e-21 -3.466153102430864e-21 2.342707313945588e-19 1.187376632783139e-20 -6.672623223252565e-04 -1.376373709832021e-03
2.206469756701861e+00 -2.900198140434964e-21 -2.887255157244817e-21 2.576195291902249e-19 -6.047595603791053e-21 -5.266949756931827e-04 -1.150620452572156e-03
2.216976755543299e+00 -2.939210049233682e-21 -2.282859800787724e-21 2.771667510110281e-19 -2.461898397259834e-20 -4.034860512838045e-04 -9.320802165337072e-04
2.227483754384736e+00 -2.954214079583439e-21 -1.660682488246994e-21 2.927595159203764e-19 -4.368838517333748e-20 -2.991501985140110e-04 -7.238681994245174e-04
2.237990753226174e+00 -2.945383531947310e-21 -1.028636020824738e-21 3.042950669443226e-19 -6.310084968259285e-20 -2.148597881646614e-04 -5.289532148441589e-04
2.248497752067611e+00 -2.913109975559540e-21 -3.947328975919521e-22 3.117217905463506e-19 -8.269989463266875e-20 -1.514193830693770e-04 -3.501263631621149e-04
2.259004750909049e+00 -2.857993227241073e-21 2.330136886917151e-22 3.150396032576128e-19 -1.023288781522455e-19 -1.092456391196821e-04 -1.899717268855379e-04
2.269511749750486e+00 -2.780829265326490e-21 8.466889717567843e-22 3.142997004969217e-19 -1.218323316833040e-19 -8.835302639792691e-05 -5.083937682048986e-05
2.280018748591924e+00 -2.682596272563033e-21 1.438574603971273e-21 3.096036706095796e-19 -1.410572373886873e-19 -8.834567700319150e-05 6.517905136261270e-05
2.290525747433361e+00 -2.564439020921634e-21 2.001244288557397e-21 3.011019851217426e-19 -1.598542388037546e-19 -1.084155775889892e-04 1.562719797965292e-04
2.301032746274798e+00 -2.427651827243105e-21 2.527655848091043e-21 2.889918840442916e-19 -1.780787740423278e-19 -1.473472320495278e-04 2.209265114105946e-04
2.311539745116236e+00 -2.273660321371509e-21 3.011238569232393e-21 2.735146826657897e-19 -1.955921221237372e-19 -2.035288245028125e-04 2.579438876352995e-04
2.322046743957673e+00 -2.104002277775024e-21 3.445974722428978e-21 2.549525335495787e-19 -2.122623543258491e-19 -2.749698160988891e-04 2.664516499484702e-04
2.332553742799111e+00 -1.920307767682224e-21 3.826474228427417e-21 2.336246843017835e-19 -2.279651838684486e-19 -3.593248126330365e-04 2.459124101876370e-04
2.343060741640548e+00 -1.724278890892337e-21 4.148041529773807e-21 2.098832780143492e-19 -2.425847086751605e-19 -4.539234448713999e-04 1.961291709924027e-04
2.353567740481985e+00 -1.517669346171318e-21 4.406733824173054e-21 1.841087490342526e-19 -2.560140434234753e-19 -5.558059113020577e-04 1.172471744036921e-04
2.364074739323423e+00 -1.302264093990385e-21 4.599409925888102e-21 1.567048717827814e-19 -2.681558385637863e-19 -6.617637450530553e-04 9.752293136617835e-06
2.374581738164860e+00 -1.079859358548971e-21 4.723769140344897e-21 1.280935246943533e-19 -2.789226854357906e-19 -7.683852842919058e-04 -1.255339850613463e-04
2.385088737006298e+00 -8.522432051049978e-22 4.778379663774542e-21 9.870923489739434e-20 -2.882374080277266e-19 -8.721052497555488e-04 -2.874628946358937e-04
2.395595735847735e+00 -6.211769153026599e-22 4.762696152635878e-21 6.899357198110889e-20 -2.960332432860042e-19 -9.692577653038260e-04 -4.745699321474151e-04
2.406102734689173e+00 -3.883773671201167e-22 4.677066244875322e-21 3.938946104556455e-20 -3.022539131759621e-19 -1.056132098571530e-03 -6.850894481629468e-04
2.416609733530610e+00 -1.555006076485393e-22 4.522725955010139e-21 1.033548619631306e-20 -3.068535929028891e-19 -1.129030349823026e-03 -9.169721106109146e-04
2.427116732372048e+00 7.587321355666829e-23 4.301784005728360e-21 -1.773974429213080e-20 -3.097967808125041e-19 -1.184326278760501e-03 -1.167905031672392e-03
2.437623731213485e+00 3.042534050389329e-22 4.017195298335736e-21 -4.442310075628764e-20 -3.110580764897480e-19 -1.218524431925624e-03 -1.435334325504855e-03
2.448130730054923e+00 5.282506658990806e-22 3.672723861220561e-21 -6.932223420271116e-20 -3.106218744539316e-19 -1.228318717927016e-03 -1.716489842203765e-03
2.458637728896360e+00 7.465872932343370e-22 3.272895747373972e-21 -9.207061157016431e-20 -3.084819815982374e-19 -1.210649574337653e-03 -2.008411804597842e-03
2.469144727737797e+00 9.581055921565064e-22 2.822942478282401e-21 -1.123322215296882e-19 -3.046411671372475e-19 -1.162758878829637e-03 -2.307979058948242e-03
2.479651726579235e+00 1.161774442777600e-21 2.328735748692766e-21 -1.298058923586079e-19 -2.991106543010705e-19 -1.082241777976317e-03 -2.611938638448307e-03
2.490158725420672e+00 1.356694003390159e-21 1.796714215628347e-21 -1.442291683431888e-19 -2.919095633491900e-19 -9.670946398596407e-04 -2.916936329757480e-03
2.500665724262110e+00 1.542098554832948e-21 1.233803292345481e-21 -1.553816967505640e-19 -2.830643156688619e-19 -8.157583808610011e-04 -3.219547927635245e-03
2.511172723103547e+00 1.717357515542208e-21 6.473289535453407e-22 -1.630880835821715e-19 -2.726080087748238e-19 -6.271564722026319e-04 -3.516310861105207e-03
2.521679721944984e+00 1.881974680413831e-21 4.492663064338309e-23 -1.672201830011412e-19 -2.605797719423315e-19 -4.007269972571017e-04 -3.803755876423880e-03
2.532186720786422e+00 2.035585758890165e-21 -5.655536655206212e-22 -1.676987924277366e-19 -2.470241119897101e-19 -1.364482055021958e-04 -4.078438467375740e-03
2.542693719627859e+00 2.177954308377576e-21 -1.176144813162204e-21 -1.644947327288281e-19 -2.319902583867680e-19 1.651429077157844e-04 -4.336969751946558e-03
2.553200718469297e+00 2.308966177949618e-21 -1.778861428933425e-21 -1.576293005944180e-19 -2.155315164102500e-19 5.029393758413244e-04 -4.576046506083369e-03
2.563707717310734e+00 2.428622594080316e-21 -2.365798874350428e-21 -1.471740879989479e-19 -1.977046365070084e-19 8.752606737090667e-04 -4.792480079840320e-03
2.574214716152172e+00 2.537032034699608e-21 -2.929231197268861e-21 -1.332501714889156e-19 -1.785692073710228e-19 1.279856950080985e-03 -4.983223938510067e-03
2.584721714993609e+00 2.634401050019844e-21 -3.461706803567658e-21 -1.160266818226451e-19 -1.581870795039973e-19 1.713921157167115e-03 -5.145399591097522e-03
2.595228713835047e+00 2.721024198237987e-21 -3.956140686341190e-21 -9.571877211587519e-20 -1.366218252241032e-19 2.174109047216885e-03 -5.276320690426176e-03
2.605735712676484e+00 2.797273271297107e-21 -4.405902086508738e-21 -7.258501002362415e-20 -1.139382402271756e-19 2.656566898762256e-03 -5.373515112977532e-03
2.616242711517921e+00 2.863585990356838e-21 -4.804896519136181e-21 -4.692422652403488e-20 -9.020189090338433e-20 3.156966728511415e-03 -5.434744851930225e-03
2.626749710359359e+00 2.920454352477788e-21 -5.147641173069318e-21 -1.907186047784247e-20 -6.547871068433685e-20 3.670548640697875e-03 -5.458023583456236e-03
2.637256709200796e+00 2.968412809280086e-21 -5.429332776655458e-21 1.060415576177325e-20 -3.983464775495006e-20 4.192169865313526e-03 -5.441631793807692e-03
2.647763708042234e+00 3.008026455167018e-21 -5.645907118324997e-21 4.170791889293966e-20 -1.333536552540457e-20 4.716359941507144e-03 -5.384129382728715e-03
2.658270706883671e+00 3.039879396967023e-21 -5.794089516090367e-21 7.382042968916572e-20 1.395400366560471e-20 5.237381413778063e-03 -5.284365686939419e-03
2.668777705725109e+00 3.064563469070009e-21 -5.871435643597582e-21 1.065047606546891e-19 4.196905204089462e-20 5.749295327760061e-03 -5.141486895465956e-03
2.679284704566546e+00 3.082667448009805e-21 -5.876362240250205e-21 1.393114530338349e-19 7.064623834799363e-20 6.246030740401003e-03 -4.954940856172576e-03
2.689791703407983e+00 3.094766908669204e-21 -5.808167358223826e-21 1.717840772545646e-19 9.992298037954218e-20 6.721457397337456e-03 -4.724479299564739e-03
2.700298702249421e+00 3.101414850525308e-21 -5.667039927520623e-21 2.034648890569985e-19 1.297377008762119e-19 7.169460678984722e-03 -4.450157531603922e-03
2.710805701090858e+00 3.103133207348175e-21 -5.454058550687837e-21 2.339005125588158e-19 1.600298303079311e-19 7.584017877182503e-03 -4.132331671500887e-03
2.721312699932296e+00 3.100405337467681e-21 -5.171179569609278e-21 2.626475813468100e-19 1.907397706217979e-19 7.959274836683985e-03 -3.771653533003053e-03
2.731819698773733e+00 3.093669574354608e-21 -4.821214575704270e-21 2.892782693570896e-19 2.218088245494107e-19 8.289621980722490e-03 -3.369063268446546e-03
2.742326697615171e+00 3.083313899371722e-21 -4.407797661539209e-21 3.133856447977066e-19 2.531790954835569e-19 8.569768737733881e-03 -2.925779913375724e-03
2.752833696456608e+00 3.069671780064656e-21 -3.935342833626185e-21 3.345887826571190e-19 2.847933632550769e-19 8.794815396995824e-03 -2.443289985888455e-03
2.763340695298046e+00 3.053019198806560e-21 -3.408992122091908e-21 3.525375743965009e-19 3.165949413645236e-19 8.960321444458888e-03 -1.923334308822780e-03
2.773847694139483e+00 3.033572878112553e-21 -2.834555032011226e-21 3.669171771984022e-19 3.485275213532065e-19 9.062369466150261e-03 -1.367893234264867e-03
2.784354692980920e+00 3.011489690814321e-21 -2.218440081337858e-21 3.774520495943043e-19 3.805350100278899e-19 9.097623754732711e-03 -7.791704587625087e-04
2.794861691822358e+00 2.986867225760218e-21 -1.567579261309544e-21 3.839095253564733e-19 4.125613651914789e-19 9.063382814589595e-03 -1.595756238529212e-04
2.805368690663795e+00 2.959745463022618e-21 -8.893463354316269e-22 3.861028831537868e-19 4.445504353780992e-19 8.957625031399241e-03 4.882940998238709e-04
2.815875689505233e+00 2.930109496958038e-21 -1.914699620088487e-22 3.838938755655184e-19 4.764458088508838e-19 8.779046852692290e-03 1.161673245450737e-03
2.826382688346670e+00 2.897893231159128e-21 5.180573181004416e-22 3.771946875454047e-19 5.081906768010731e-19 8.527092915335476e-03 1.857647902014933e-03
2.836889687188108e+00 2.862983956205689e-21 1.231073142630637e-21 3.659693012549760e-19 5.397277152911106e-19 8.201977653129355e-03 2.573175991063602e-03
2.847396686029545e+00 2.825227710090319e-21 1.939341321259629e-21 3.502342512487944e-19 5.709989900277147e-19 7.804698021490705e-03 3.305107780000875e-03
2.857903684870982e+00 2.784435311237182e-21 2.634648626531410e-21 3.300587612235457e-19 6.019458875305158e-19 7.337037085215948e-03 4.050206451661151e-03
2.868410683712420e+00 2.740388946403326e-21 3.308901243488452e-21 3.055642608391133e-19 6.325090756985856e-19 6.801558328169401e-03 4.805168559848494e-03
2.878917682553857e+00 2.692849189761133e-21 3.954219748049986e-21 2.769232884058043e-19 6.626284961726159e-19 6.201590658982545e-03 5.566644212085846e-03
2.889424681395295e+00 2.641562325483672e-21 4.563031506187834e-21 2.443577924195049e-19 6.922433902586440e-19 5.541204202999385e-03 6.331256833812612e-03
2.899931680236732e+00 2.586267844129648e-21 5.128159420651475e-21 2.081368519336404e-19 7.212923595288440e-19 4.825177086273531e-03 7.095622382438009e-03
2.910438679078170e+00 2.526705983054808e-21 5.642905998872523e-21 1.685738425033761e-19 7.497134615569600e-19 4.058953530921526e-03 7.856367894749059e-03
2.920945677919607e+00 2.462625182927896e-21 6.101131774085716e-21 1.260230808473968e-19 7.774443405902533e-19 3.248593691115703e-03 8.610149266910668e-03
2.931452676761044e+00 2.393789336150865e-21 6.497327180876710e-21 8.087598737343907e-20 8.044223923167419e-19 2.400715764024913e-03 9.353668182427572e-03
2.941959675602482e+00 2.319984708414052e-21 6.826677065408383e-21 3.355681124121209e-20 8.305849612652871e-19 1.522431008764874e-03 1.008368811968006e-02
2.952466674443919e+00 2.241026421955654e-21 7.085117098573031e-21 -1.548203237690676e-20 8.558695687866944e-19 6.212723975426975e-04 1.079704938676558e-02
2.962973673285357e+00 2.156764397554454e-21 7.269381456065116e-21 -6.576495877182544e-20 8.802141690132354e-19 -2.948822943520618e-04 1.149068314707222e-02
2.973480672126794e+00 2.067088662509291e-21 7.377041231923551e-21 -1.167984860805828e-19 9.035574296925204e-19 -1.217892080441191e-03 1.216162441411081e-02
2.983987670968232e+00 1.971933943331923e-21 7.406533160062119e-21 -1.680767226686316e-19 9.258390343431800e-19 -2.139438095851925e-03 1.280702400835714e-02
2.994494669809669e+00 1.871283474030840e-21 7.357178330646205e-21 -2.190870062058999e-19 9.470000017936471e-19 -3.051111679501306e-03 1.342415948202733e-02
3.005001668651107e+00 1.765171964234404e-21 7.229190703320730e-21 -2.693156294998201e-19 9.669830188437049e-19 -3.944504176311054e-03 1.401044502965268e-02
3.015508667492544e+00 1.653687685393337e-21 7.023675336355151e-21 -3.182535872343788e-19 9.857327815383473e-19 -4.811297404580890e-03 1.456344041287885e-02
3.026015666333981e+00 1.536973647503370e-21 6.742616367997487e-21 -3.654022776222347e-19 1.003196340364703e-18 -5.643353721442135e-03 1.508085893693416e-02
3.036522665175419e+00 1.415227853684402e-21 6.388854902872289e-21 -4.102790935728321e-19 1.019323444582056e-18 -6.432804620145270e-03 1.556057452366760e-02
3.047029664016856e+00 1.288702634328311e-21 5.966057070388508e-21 -4.524228393317818e-19 1.034066880866160e-18 -7.172136807210863e-03 1.600062793176725e-02
3.057536662858294e+00 1.157703077263142e-21 5.478672633066957e-21 -4.913989106097366e-19 1.047382801499925e-18 -7.854274734630552e-03 1.639923217882473e-02
3.068043661699731e+00 1.022584584388114e-21 4.931884628889797e-21 -5.268041789899999e-19 1.059231037465316e-18 -8.472658602348646e-03 1.675477722220737e-02
3.078550660541169e+00 8.837495988431805e-22 4.331550632314276e-21 -5.582715248352022e-19 1.069575391987270e-18 -9.021316898480224e-03 1.706583395631997e-02
3.089057659382606e+00 7.416435594905130e-22 3.684136312279074e-21 -5.854739669754017e-19 1.078383910343133e-18 -9.494932608656593e-03 1.733115758278494e-02
3.099564658224043e+00 5.967501514841206e-22 2.996642051521226e-21 -6.081283420896298e-19 1.085629122082648e-18 -9.888902300479632e-03 1.754969040754075e-02
3.110071657065481e+00 4.495859322867039e-22 2.276523468708360e-21 -6.259984918655045e-19 1.091288252185658e-18 -1.019938737383894e-02 1.772056411475346e-02
3.120578655906918e+00 3.006944220978946e-22 1.531606752709480e-21 -6.388979216384360e-19 1.095343398130822e-18 -1.042335686110531e-02 1.784310156220216e-02
3.131085654748356e+00 1.506397557876552e-22 7.699997758768696e-22 -6.466919002573797e-19 1.097781670327947e-18 -1.055862126255592e-02 1.791681813621977e-02
3.141592653589793e+00 0.000000000000000e+00 0.000000000000000e+00 -6.492989772816007e-19 1.098595293897288e-18 -1.060385700977078e-02 1.794142269693063e-02
