freq(Hz)	3.00e+15	eps_r	1.0	mu_r	1	sigma	0.00e+00
theta(rad)	RCS(m^2)
0.000000000e+00	1.959163852e-21
1.050699884e-02	1.959473603e-21
2.101399768e-02	1.960385916e-21
3.152099652e-02	1.961849879e-21
4.202799537e-02	1.963780347e-21
5.253499421e-02	1.966057531e-21
6.304199305e-02	1.968526488e-21
7.354899189e-02	1.970996560e-21
8.405599073e-02	1.973240850e-21
9.456298957e-02	1.974995826e-21
1.050699884e-01	1.975961162e-21
1.155769873e-01	1.975799943e-21
1.260839861e-01	1.974139383e-21
1.365909849e-01	1.970572208e-21
1.470979838e-01	1.964658871e-21
1.576049826e-01	1.955930783e-21
1.681119815e-01	1.943894734e-21
1.786189803e-01	1.928038689e-21
1.891259791e-01	1.907839130e-21
1.996329780e-01	1.882770114e-21
2.101399768e-01	1.852314159e-21
2.206469757e-01	1.815975087e-21
2.311539745e-01	1.773292867e-21
2.416609734e-01	1.723860453e-21
2.521679722e-01	1.667342553e-21
2.626749710e-01	1.603496159e-21
2.731819699e-01	1.532192577e-21
2.836889687e-01	1.453440574e-21
2.941959676e-01	1.367410129e-21
3.047029664e-01	1.274456114e-21
3.152099652e-01	1.175141106e-21
3.257169641e-01	1.070256332e-21
3.362239629e-01	9.608396191e-22
3.467309618e-01	8.481890393e-22
3.572379606e-01	7.338708343e-22
3.677449595e-01	6.197200708e-22
3.782519583e-01	5.078324354e-22
3.887589571e-01	4.005455732e-22
3.992659560e-01	3.004084530e-22
4.097729548e-01	2.101374218e-22
4.202799537e-01	1.325579025e-22
4.307869525e-01	7.053111241e-23
4.412939513e-01	2.686574968e-23
4.518009502e-01	4.215310125e-24
4.623079490e-01	4.962565554e-24
4.728149479e-01	3.109373582e-23
4.833219467e-01	8.406600118e-23
4.938289455e-01	1.646731855e-22
5.043359444e-01	2.729156388e-22
5.148429432e-01	4.078814847e-22
5.253499421e-01	5.676473843e-22
5.358569409e-01	7.492076970e-22
5.463639398e-01	9.484412748e-22
5.568709386e-01	1.160124989e-21
5.673779374e-01	1.378002342e-21
5.778849363e-01	1.594914057e-21
5.883919351e-01	1.802995282e-21
5.988989340e-01	1.993940981e-21
6.094059328e-01	2.159337190e-21
6.199129316e-01	2.291051185e-21
6.304199305e-01	2.381668476e-21
6.409269293e-01	2.424958989e-21
6.514339282e-01	2.416349366e-21
6.619409270e-01	2.353373264e-21
6.724479259e-01	2.236067433e-21
6.829549247e-01	2.067278759e-21
6.934619235e-01	1.852846823e-21
7.039689224e-01	1.601628542e-21
7.144759212e-01	1.325336335e-21
7.249829201e-01	1.038169506e-21
7.354899189e-01	7.562300008e-22
7.459969177e-01	4.967283660e-22
7.565039166e-01	2.770028611e-22
7.670109154e-01	1.133935146e-22
7.775179143e-01	2.003205086e-23
7.880249131e-01	7.626480750e-24
7.985319119e-01	8.233381525e-23
8.090389108e-01	2.448237878e-22
8.195459096e-01	4.896386294e-22
8.300529085e-01	8.049470520e-22
8.405599073e-01	1.172773371e-21
8.510669062e-01	1.569754596e-21
8.615739050e-01	1.968439802e-21
8.720809038e-01	2.339098834e-21
8.825879027e-01	2.651954303e-21
8.930949015e-01	2.879696297e-21
9.036019004e-01	3.000088444e-21
9.141088992e-01	2.998433343e-21
9.246158980e-01	2.869641149e-21
9.351228969e-01	2.619643352e-21
9.456298957e-01	2.265919211e-21
9.561368946e-01	1.836957460e-21
9.666438934e-01	1.370560367e-21
9.771508923e-01	9.110071405e-22
9.876578911e-01	5.052209239e-22
9.981648899e-01	1.982167330e-22
1.008671889e+00	2.823151675e-23
1.019178888e+00	2.203541061e-23
1.029685886e+00	1.909780741e-22
1.040192885e+00	5.283208661e-22
1.050699884e+00	1.008334108e-21
1.061206883e+00	1.587495377e-21
1.071713882e+00	2.207915185e-21
1.082220881e+00	2.802856082e-21
1.092727880e+00	3.303925990e-21
1.103234878e+00	3.649250345e-21
1.113741877e+00	3.791700262e-21
1.124248876e+00	3.706115309e-21
1.134755875e+00	3.394444999e-21
1.145262874e+00	2.887866153e-21
1.155769873e+00	2.245220285e-21
1.166276871e+00	1.547540522e-21
1.176783870e+00	8.889616968e-22
1.187290869e+00	3.648685081e-22
1.197797868e+00	5.865575806e-23
1.208304867e+00	2.886510591e-23
1.218811866e+00	2.986422628e-22
1.229318864e+00	8.493642454e-22
1.239825863e+00	1.619888444e-21
1.250332862e+00	2.512188758e-21
1.260839861e+00	3.403234443e-21
1.271346860e+00	4.161949120e-21
1.281853859e+00	4.669113561e-21
1.292360857e+00	4.837318180e-21
1.302867856e+00	4.627693319e-21
1.313374855e+00	4.060272236e-21
1.323881854e+00	3.215529542e-21
1.334388853e+00	2.225851457e-21
1.344895852e+00	1.257297037e-21
1.355402851e+00	4.837704251e-22
1.365909849e+00	5.734440942e-23
1.376416848e+00	7.963356551e-23
1.386923847e+00	5.795244377e-22
1.397430846e+00	1.502041038e-21
1.407937845e+00	2.711618217e-21
1.418444844e+00	4.010720302e-21
1.428951842e+00	5.171912788e-21
1.439458841e+00	5.978658477e-21
1.449965840e+00	6.267832335e-21
1.460472839e+00	5.965773090e-21
1.470979838e+00	5.110013222e-21
1.481486837e+00	3.850801279e-21
1.491993835e+00	2.429975927e-21
1.502500834e+00	1.139153777e-21
1.513007833e+00	2.637516623e-22
1.523514832e+00	2.312084938e-23
1.534021831e+00	5.190976211e-22
1.544528830e+00	1.704885290e-21
1.555035829e+00	3.383126814e-21
1.565542827e+00	5.236617999e-21
1.576049826e+00	6.888244645e-21
1.586556825e+00	7.979767154e-21
1.597063824e+00	8.253611312e-21
1.607570823e+00	7.619327245e-21
1.618077822e+00	6.187838883e-21
1.628584820e+00	4.262214415e-21
1.639091819e+00	2.282665627e-21
1.649598818e+00	7.341215430e-22
1.660105817e+00	3.465667055e-23
1.670612816e+00	4.297561640e-22
1.681119815e+00	1.918780596e-21
1.691626813e+00	4.235000453e-21
1.702133812e+00	6.889617652e-21
1.712640811e+00	9.275272198e-21
1.723147810e+00	1.080894429e-20
1.733654809e+00	1.108184303e-20
1.744161808e+00	9.978457807e-21
1.754668807e+00	7.730761122e-21
1.765175805e+00	4.886785053e-21
1.775682804e+00	2.193141600e-21
1.786189803e+00	4.139694477e-22
1.796696802e+00	1.283860132e-22
1.807203801e+00	1.559021100e-21
1.817710800e+00	4.481542880e-21
1.828217798e+00	8.248304365e-21
1.838724797e+00	1.193121864e-20
1.849231796e+00	1.455616785e-20
1.859738795e+00	1.537236411e-20
1.870245794e+00	1.408387254e-20
1.880752793e+00	1.097326659e-20
1.891259791e+00	6.870732659e-21
1.901766790e+00	2.961674306e-21
1.912273789e+00	4.723763239e-22
1.922780788e+00	3.136486947e-22
1.933287787e+00	2.783749820e-21
1.943794786e+00	7.425448252e-21
1.954301785e+00	1.309623800e-20
1.964808783e+00	1.825266238e-20
1.975315782e+00	2.138441505e-20
1.985822781e+00	2.148061646e-20
1.996329780e+00	1.838749325e-20
2.006836779e+00	1.293468836e-20
2.017343778e+00	6.766164157e-21
2.027850776e+00	1.897698397e-21
2.038357775e+00	1.123527529e-22
2.048864774e+00	2.369766328e-21
2.059371773e+00	8.420706798e-21
2.069878772e+00	1.677370289e-20
2.080385771e+00	2.506267220e-20
2.090892769e+00	3.073861067e-20
2.101399768e+00	3.189265065e-20
2.111906767e+00	2.795190976e-20
2.122413766e+00	2.000198514e-20
2.132920765e+00	1.058660271e-20
2.143427764e+00	2.993985556e-21
2.153934762e+00	2.149396463e-22
2.164441761e+00	3.891601691e-21
2.174948760e+00	1.361680803e-20
2.185455759e+00	2.686583432e-20
2.195962758e+00	3.965640933e-20
2.206469757e+00	4.779021733e-20
2.216976756e+00	4.830729608e-20
2.227483754e+00	4.066483619e-20
2.237990753e+00	2.718992268e-20
2.248497752e+00	1.255918786e-20
2.259004751e+00	2.376406761e-21
2.269511750e+00	1.252680018e-21
2.280018749e+00	1.102448254e-20
2.290525747e+00	2.977478242e-20
2.301032746e+00	5.211343068e-20
2.311539745e+00	7.076904801e-20
2.322046744e+00	7.906766989e-20
2.332553743e+00	7.348980362e-20
2.343060742e+00	5.536279353e-20
2.353567740e+00	3.094455221e-20
2.364074739e+00	9.660129869e-21
2.374581738e+00	9.174386207e-22
2.385088737e+00	1.052425038e-20
2.395595736e+00	3.801943835e-20
2.406102735e+00	7.606251687e-20
2.416609734e+00	1.123945373e-19
2.427116732e+00	1.339647435e-19
2.437623731e+00	1.319224685e-19
2.448130730e+00	1.056521084e-19
2.458637729e+00	6.413912196e-20
2.469144728e+00	2.374967166e-20
2.479651727e+00	2.779839203e-21
2.490158725e+00	1.445687156e-20
2.500665724e+00	6.094110993e-20
2.511172723e+00	1.308689258e-19
2.521679722e+00	2.019586056e-19
2.532186721e+00	2.484150847e-19
2.542693720e+00	2.509026494e-19
2.553200718e+00	2.054631744e-19
2.563707717e+00	1.275938652e-19
2.574214716e+00	4.903439278e-20
2.584721715e+00	7.365205415e-21
2.595228714e+00	3.146536995e-20
2.605735713e+00	1.280958654e-19
2.616242712e+00	2.753350600e-19
2.626749710e+00	4.267962541e-19
2.637256709e+00	5.268259015e-19
2.647763708e+00	5.323829096e-19
2.658270707e+00	4.337300988e-19
2.668777706e+00	2.650652453e-19
2.679284705e+00	9.868476267e-20
2.689791703e+00	2.187174048e-20
2.700298702e+00	1.027512307e-19
2.710805701e+00	3.572515931e-19
2.721312700e+00	7.313887221e-19
2.731819699e+00	1.109700352e-18
2.742326698e+00	1.352038704e-18
2.752833696e+00	1.349503117e-18
2.763340695e+00	1.080145890e-18
2.773847694e+00	6.406727308e-19
2.784354693e+00	2.348021665e-19
2.794861692e+00	1.124809875e-19
2.805368691e+00	4.733924594e-19
2.815875690e+00	1.366672859e-18
2.826382688e+00	2.628775599e-18
2.836889687e+00	3.896817660e-18
2.847396686e+00	4.713629291e-18
2.857903685e+00	4.707259555e-18
2.868410684e+00	3.791894978e-18
2.878917683e+00	2.312513260e-18
2.889424681e+00	1.054814893e-18
2.899931680e+00	1.072043960e-18
2.910438679e+00	3.338574237e-18
2.920945678e+00	8.312958340e-18
2.931452677e+00	1.555813668e-17
2.941959676e+00	2.359834184e-17
2.952466674e+00	3.017063390e-17
2.962973673e+00	3.294670288e-17
2.973480672e+00	3.066856199e-17
2.983987671e+00	2.448953931e-17
2.994494670e+00	1.918196307e-17
3.005001669e+00	2.380971512e-17
3.015508667e+00	5.150093017e-17
3.026015666e+00	1.181040025e-16
3.036522665e+00	2.397491793e-16
3.047029664e+00	4.296197851e-16
3.057536663e+00	6.944935027e-16
3.068043662e+00	1.031774077e-15
3.078550661e+00	1.427742483e-15
3.089057659e+00	1.857592175e-15
3.099564658e+00	2.287495986e-15
3.110071657e+00	2.678543952e-15
3.120578656e+00	2.991981237e-15
3.131085655e+00	3.194860212e-15
3.141592654e+00	3.265079841e-15
