freq(Hz)	8.99e+08	eps_r	4	mu_r	1	sigma	0.00e+00
theta(rad)	RCS(m^2)
0.000000000e+00	1.035728756e+02
1.050699884e-02	1.032248753e+02
2.101399768e-02	1.021865780e+02
3.152099652e-02	1.004749637e+02
4.202799537e-02	9.811790132e+01
5.253499421e-02	9.515351450e+01
6.304199305e-02	9.162931975e+01
7.354899189e-02	8.760116026e+01
8.405599073e-02	8.313196592e+01
9.456298957e-02	7.829037367e+01
1.050699884e-01	7.314924614e+01
1.155769873e-01	6.778412840e+01
1.260839861e-01	6.227168389e+01
1.365909849e-01	5.668815001e+01
1.470979838e-01	5.110785200e+01
1.576049826e-01	4.560181156e+01
1.681119815e-01	4.023648201e+01
1.786189803e-01	3.507263773e+01
1.891259791e-01	3.016443985e+01
1.996329780e-01	2.555869430e+01
2.101399768e-01	2.129431229e+01
2.206469757e-01	1.740197683e+01
2.311539745e-01	1.390401321e+01
2.416609734e-01	1.081445520e+01
2.521679722e-01	8.139293995e+00
2.626749710e-01	5.876892354e+00
2.731819699e-01	4.018542619e+00
2.836889687e-01	2.549144787e+00
2.941959676e-01	1.447978877e+00
3.047029664e-01	6.895450565e-01
3.152099652e-01	2.444450325e-01
3.257169641e-01	8.027918779e-02
3.362239629e-01	1.625355923e-01
3.467309618e-01	4.554493811e-01
3.572379606e-01	9.228138237e-01
3.677449595e-01	1.528727613e+00
3.782519583e-01	2.238266321e+00
3.887589571e-01	3.018069442e+00
3.992659560e-01	3.836837850e+00
4.097729548e-01	4.665739688e+00
4.202799537e-01	5.478725601e+00
4.307869525e-01	6.252756721e+00
4.412939513e-01	6.967950851e+00
4.518009502e-01	7.607653854e+00
4.623079490e-01	8.158444314e+00
4.728149479e-01	8.610080112e+00
4.833219467e-01	8.955395714e+00
4.938289455e-01	9.190158702e+00
5.043359444e-01	9.312893539e+00
5.148429432e-01	9.324679737e+00
5.253499421e-01	9.228930659e+00
5.358569409e-01	9.031158151e+00
5.463639398e-01	8.738727193e+00
5.568709386e-01	8.360603812e+00
5.673779374e-01	7.907098699e+00
5.778849363e-01	7.389608363e+00
5.883919351e-01	6.820355212e+00
5.988989340e-01	6.212127786e+00
6.094059328e-01	5.578022355e+00
6.199129316e-01	4.931187297e+00
6.304199305e-01	4.284572039e+00
6.409269293e-01	3.650682799e+00
6.514339282e-01	3.041347860e+00
6.619409270e-01	2.467495680e+00
6.724479259e-01	1.938949519e+00
6.829549247e-01	1.464242688e+00
6.934619235e-01	1.050458648e+00
7.039689224e-01	7.031001999e-01
7.144759212e-01	4.259917983e-01
7.249829201e-01	2.212184999e-01
7.354899189e-01	8.910442266e-02
7.459969177e-01	2.823264388e-02
7.565039166e-01	3.550739053e-02
7.670109154e-01	1.062581389e-01
7.775179143e-01	2.343839178e-01
7.880249131e-01	4.125347560e-01
7.985319119e-01	6.323258938e-01
8.090389108e-01	8.845791492e-01
8.195459096e-01	1.159584758e+00
8.300529085e-01	1.447376140e+00
8.405599073e-01	1.738009446e+00
8.510669062e-01	2.021839406e+00
8.615739050e-01	2.289783002e+00
8.720809038e-01	2.533562807e+00
8.825879027e-01	2.745922448e+00
8.930949015e-01	2.920807569e+00
9.036019004e-01	3.053506849e+00
9.141088992e-01	3.140749017e+00
9.246158980e-01	3.180753344e+00
9.351228969e-01	3.173232723e+00
9.456298957e-01	3.119350114e+00
9.561368946e-01	3.021630755e+00
9.666438934e-01	2.883834044e+00
9.771508923e-01	2.710790342e+00
9.876578911e-01	2.508209100e+00
9.981648899e-01	2.282465545e+00
1.008671889e+00	2.040373766e+00
1.019178888e+00	1.788954290e+00
1.029685886e+00	1.535204213e+00
1.040192885e+00	1.285877574e+00
1.050699884e+00	1.047283061e+00
1.061206883e+00	8.251052318e-01
1.071713882e+00	6.242543801e-01
1.082220881e+00	4.487489073e-01
1.092727880e+00	3.016327500e-01
1.103234878e+00	1.849290212e-01
1.113741877e+00	9.962966586e-02
1.124248876e+00	4.571963564e-02
1.134755875e+00	2.223291733e-02
1.145262874e+00	2.733673457e-02
1.155769873e+00	5.843942584e-02
1.166276871e+00	1.123169006e-01
1.176783870e+00	1.852522056e-01
1.187290869e+00	2.731825962e-01
1.197797868e+00	3.718485931e-01
1.208304867e+00	4.769398018e-01
1.218811866e+00	5.842327455e-01
1.229318864e+00	6.897165900e-01
1.239825863e+00	7.897033799e-01
1.250332862e+00	8.809202192e-01
1.260839861e+00	9.605816801e-01
1.271346860e+00	1.026441572e+00
1.281853859e+00	1.076824012e+00
1.292360857e+00	1.110634473e+00
1.302867856e+00	1.127352136e+00
1.313374855e+00	1.127005403e+00
1.323881854e+00	1.110132829e+00
1.334388853e+00	1.077732011e+00
1.344895852e+00	1.031199115e+00
1.355402851e+00	9.722617564e-01
1.365909849e+00	9.029078571e-01
1.376416848e+00	8.253129395e-01
1.386923847e+00	7.417680673e-01
1.397430846e+00	6.546103554e-01
1.407937845e+00	5.661576454e-01
1.418444844e+00	4.786486129e-01
1.428951842e+00	3.941892508e-01
1.439458841e+00	3.147063753e-01
1.449965840e+00	2.419085353e-01
1.460472839e+00	1.772544878e-01
1.470979838e+00	1.219292247e-01
1.481486837e+00	7.682740460e-02
1.491993835e+00	4.254395295e-02
1.502500834e+00	1.937153856e-02
1.513007833e+00	7.304599331e-03
1.523514832e+00	6.049575690e-03
1.534021831e+00	1.504099693e-02
1.544528830e+00	3.346304958e-02
1.555035829e+00	6.027622856e-02
1.565542827e+00	9.424862579e-02
1.576049826e+00	1.339913439e-01
1.586556825e+00	1.779974360e-01
1.597063824e+00	2.246836657e-01
1.607570823e+00	2.724342664e-01
1.618077822e+00	3.196457551e-01
1.628584820e+00	3.647717420e-01
1.639091819e+00	4.063665749e-01
1.649598818e+00	4.431265906e-01
1.660105817e+00	4.739277045e-01
1.670612816e+00	4.978580897e-01
1.681119815e+00	5.142447573e-01
1.691626813e+00	5.226729783e-01
1.702133812e+00	5.229976660e-01
1.712640811e+00	5.153460768e-01
1.723147810e+00	5.001114710e-01
1.733654809e+00	4.779376976e-01
1.744161808e+00	4.496950151e-01
1.754668807e+00	4.164478165e-01
1.765175805e+00	3.794152732e-01
1.775682804e+00	3.399262361e-01
1.786189803e+00	2.993700099e-01
1.796696802e+00	2.591448352e-01
1.807203801e+00	2.206060581e-01
1.817710800e+00	1.850160300e-01
1.828217798e+00	1.534977506e-01
1.838724797e+00	1.269941471e-01
1.849231796e+00	1.062346725e-01
1.859738795e+00	9.171061347e-02
1.870245794e+00	8.366013780e-02
1.880752793e+00	8.206369340e-02
1.891259791e+00	8.664992232e-02
1.901766790e+00	9.691178754e-02
1.912273789e+00	1.121321561e-01
1.922780788e+00	1.314176585e-01
1.933287787e+00	1.537392737e-01
1.943794786e+00	1.779777899e-01
1.954301785e+00	2.029720811e-01
1.964808783e+00	2.275680241e-01
1.975315782e+00	2.506658727e-01
1.985822781e+00	2.712640025e-01
1.996329780e+00	2.884971349e-01
2.006836779e+00	3.016674381e-01
2.017343778e+00	3.102672638e-01
2.027850776e+00	3.139927010e-01
2.038357775e+00	3.127475817e-01
2.048864774e+00	3.066380450e-01
2.059371773e+00	2.959582165e-01
2.069878772e+00	2.811679866e-01
2.080385771e+00	2.628642298e-01
2.090892769e+00	2.417470964e-01
2.101399768e+00	2.185832093e-01
2.111906767e+00	1.941676951e-01
2.122413766e+00	1.692869769e-01
2.132920765e+00	1.446841554e-01
2.143427764e+00	1.210286041e-01
2.153934762e+00	9.889112866e-02
2.164441761e+00	7.872569630e-02
2.174948760e+00	6.085835306e-02
2.185455759e+00	4.548353731e-02
2.195962758e+00	3.266758726e-02
2.206469757e+00	2.235885487e-02
2.216976756e+00	1.440349753e-02
2.227483754e+00	8.565741025e-03
2.237990753e+00	4.551207574e-03
2.248497752e+00	2.031790837e-03
2.259004751e+00	6.705396745e-04
2.269511750e+00	1.450843269e-04
2.280018749e+00	1.682953611e-04
2.290525747e+00	5.050964583e-04
2.301032746e+00	9.846411842e-04
2.311539745e+00	1.507392447e-03
2.322046744e+00	2.046990306e-03
2.332553743e+00	2.647137169e-03
2.343060742e+00	3.414047563e-03
2.353567740e+00	4.505282779e-03
2.364074739e+00	6.116001775e-03
2.374581738e+00	8.463795856e-03
2.385088737e+00	1.177332766e-02
2.395595736e+00	1.626196199e-02
2.406102735e+00	2.212745965e-02
2.416609734e+00	2.953861384e-02
2.427116732e+00	3.862945468e-02
2.437623731e+00	4.949734793e-02
2.448130730e+00	6.220499016e-02
2.458637729e+00	7.678597503e-02
2.469144728e+00	9.325329864e-02
2.479651727e+00	1.116099061e-01
2.490158725e+00	1.318601778e-01
2.500665724e+00	1.540211260e-01
2.511172723e+00	1.781320358e-01
2.521679722e+00	2.042613403e-01
2.532186721e+00	2.325096695e-01
2.542693720e+00	2.630082560e-01
2.553200718e+00	2.959121921e-01
2.563707717e+00	3.313884096e-01
2.574214716e+00	3.695986666e-01
2.584721715e+00	4.106782445e-01
2.595228714e+00	4.547114703e-01
2.605735713e+00	5.017055380e-01
2.616242712e+00	5.515644030e-01
2.626749710e+00	6.040647200e-01
2.637256709e+00	6.588358886e-01
2.647763708e+00	7.153462366e-01
2.658270707e+00	7.728972047e-01
2.668777706e+00	8.306271040e-01
2.679284705e+00	8.875256005e-01
2.689791703e+00	9.424595636e-01
2.700298702e+00	9.942103113e-01
2.710805701e+00	1.041521632e+00
2.721312700e+00	1.083157286e+00
2.731819699e+00	1.117966043e+00
2.742326698e+00	1.144951688e+00
2.752833696e+00	1.163344938e+00
2.763340695e+00	1.172673812e+00
2.773847694e+00	1.172828756e+00
2.784354693e+00	1.164118758e+00
2.794861692e+00	1.147314837e+00
2.805368691e+00	1.123677563e+00
2.815875690e+00	1.094965794e+00
2.826382688e+00	1.063424496e+00
2.836889687e+00	1.031750300e+00
2.847396686e+00	1.003034419e+00
2.857903685e+00	9.806835489e-01
2.868410684e+00	9.683204057e-01
2.878917683e+00	9.696665978e-01
2.889424681e+00	9.884114707e-01
2.899931680e+00	1.028071408e+00
2.910438679e+00	1.091844753e+00
2.920945678e+00	1.182467988e+00
2.931452677e+00	1.302079077e+00
2.941959676e+00	1.452093863e+00
2.952466674e+00	1.633101158e+00
2.962973673e+00	1.844781670e+00
2.973480672e+00	2.085855130e+00
2.983987671e+00	2.354059035e+00
2.994494670e+00	2.646161262e+00
3.005001669e+00	2.958007517e+00
3.015508667e+00	3.284603248e+00
3.026015666e+00	3.620228222e+00
3.036522665e+00	3.958580645e+00
3.047029664e+00	4.292946436e+00
3.057536663e+00	4.616388159e+00
3.068043662e+00	4.921947223e+00
3.078550661e+00	5.202852292e+00
3.089057659e+00	5.452726490e+00
3.099564658e+00	5.665785865e+00
3.110071657e+00	5.837021839e+00
3.120578656e+00	5.962360861e+00
3.131085655e+00	6.038795301e+00
3.141592654e+00	6.064480638e+00
