frequency = 599584917.1618936 Hz; phi = 0 rad
theta(rad) Re(E_r) Im(E_r) Re(E_theta) Im(E_theta) Re(E_phi) Im(E_phi)
0.000000000000000e+00 0.000000000000000e+00 0.000000000000000e+00 -1.249776219876726e-02 -4.145755130684726e-02 0.000000000000000e+00 0.000000000000000e+00
1.050699884143744e-02 9.134288217238596e-06 7.369265511319135e-07 -1.249461035912278e-02 -4.142585250809431e-02 0.000000000000000e+00 0.000000000000000e+00
2.101399768287487e-02 1.824407944528710e-05 1.467912797636558e-06 -1.248515788951765e-02 -4.133083838680960e-02 0.000000000000000e+00 0.000000000000000e+00
3.152099652431230e-02 2.730495493693757e-05 2.187043410894273e-06 -1.246941390253543e-02 -4.117275550871807e-02 0.000000000000000e+00 0.000000000000000e+00
4.202799536574974e-02 3.629265214776430e-05 2.888452914005628e-06 -1.244739346801127e-02 -4.095201395368896e-02 0.000000000000000e+00 0.000000000000000e+00
5.253499420718718e-02 4.518314213577326e-05 3.566350357500984e-06 -1.241911743761655e-02 -4.066918602449909e-02 0.000000000000000e+00 0.000000000000000e+00
6.304199304862461e-02 5.395270612216061e-05 4.215043696516399e-06 -1.238461220180260e-02 -4.032500444564928e-02 0.000000000000000e+00 0.000000000000000e+00
7.354899189006205e-02 6.257801093826474e-05 4.828963772407135e-06 -1.234390938168233e-02 -3.992036005872349e-02 0.000000000000000e+00 0.000000000000000e+00
8.405599073149948e-02 7.103618309036949e-05 5.402687804704376e-06 -1.229704545892064e-02 -3.945629902265452e-02 0.000000000000000e+00 0.000000000000000e+00
9.456298957293692e-02 7.930488117603639e-05 5.930962301007599e-06 -1.224406134769028e-02 -3.893401952894262e-02 0.000000000000000e+00 0.000000000000000e+00
1.050699884143744e-01 8.736236639645531e-05 6.408725296788195e-06 -1.218500191310188e-02 -3.835486804369765e-02 0.000000000000000e+00 0.000000000000000e+00
1.155769872558118e-01 9.518757091233962e-05 6.831127840098011e-06 -1.211991544119535e-02 -3.772033509003877e-02 0.000000000000000e+00 0.000000000000000e+00
1.260839860972492e-01 1.027601638055547e-04 7.193554640751242e-06 -1.204885306633466e-02 -3.703205058596452e-02 0.000000000000000e+00 0.000000000000000e+00
1.365909849386867e-01 1.100606144114989e-04 7.491643807817066e-06 -1.197186816207859e-02 -3.629177875446401e-02 0.000000000000000e+00 0.000000000000000e+00
1.470979837801241e-01 1.170702528031591e-04 7.721305604355721e-06 -1.188901570233381e-02 -3.550141262406710e-02 0.000000000000000e+00 0.000000000000000e+00
1.576049826215615e-01 1.237713272164856e-04 7.878740153409524e-06 -1.180035159990967e-02 -3.466296813948789e-02 0.000000000000000e+00 0.000000000000000e+00
1.681119814629990e-01 1.301470582196088e-04 7.960454034712312e-06 -1.170593203001809e-02 -3.377857790335707e-02 0.000000000000000e+00 0.000000000000000e+00
1.786189803044364e-01 1.361816894416766e-04 7.963275717172500e-06 -1.160581274655460e-02 -3.285048457129969e-02 0.000000000000000e+00 0.000000000000000e+00
1.891259791458738e-01 1.418605346894131e-04 7.884369777992990e-06 -1.150004839937314e-02 -3.188103392375236e-02 0.000000000000000e+00 0.000000000000000e+00
1.996329779873113e-01 1.471700212960525e-04 7.721249864912082e-06 -1.138869186076545e-02 -3.087266763905404e-02 0.000000000000000e+00 0.000000000000000e+00
2.101399768287487e-01 1.520977295609077e-04 7.471790364686679e-06 -1.127179356971712e-02 -2.982791579324657e-02 0.000000000000000e+00 0.000000000000000e+00
2.206469756701862e-01 1.566324281500059e-04 7.134236744907346e-06 -1.114940090251679e-02 -2.874938911291167e-02 0.000000000000000e+00 0.000000000000000e+00
2.311539745116236e-01 1.607641053505648e-04 6.707214544360598e-06 -1.102155757818563e-02 -2.763977100818159e-02 0.000000000000000e+00 0.000000000000000e+00
2.416609733530610e-01 1.644839960857171e-04 6.189736992469295e-06 -1.088830310725588e-02 -2.650180941367311e-02 0.000000000000000e+00 0.000000000000000e+00
2.521679721944984e-01 1.677846046041021e-04 5.581211240207251e-06 -1.074967229232780e-02 -2.533830846562605e-02 0.000000000000000e+00 0.000000000000000e+00
2.626749710359359e-01 1.706597227910766e-04 4.881443196396029e-06 -1.060569478844595e-02 -2.415212004403450e-02 0.000000000000000e+00 0.000000000000000e+00
2.731819698773733e-01 1.731044440513260e-04 4.090640962975793e-06 -1.045639473123083e-02 -2.294613520881433e-02 0.000000000000000e+00 0.000000000000000e+00
2.836889687188108e-01 1.751151727364497e-04 3.209416870355973e-06 -1.030179044025615e-02 -2.172327555929844e-02 0.000000000000000e+00 0.000000000000000e+00
2.941959675602482e-01 1.766896291059028e-04 2.238788117654405e-06 -1.014189420476381e-02 -2.048648454644056e-02 0.000000000000000e+00 0.000000000000000e+00
3.047029664016856e-01 1.778268498266429e-04 1.180176026894658e-06 -9.976712158309645e-03 -1.923871876709421e-02 0.000000000000000e+00 0.000000000000000e+00
3.152099652431231e-01 1.785271840334236e-04 3.540392405363069e-08 -9.806244248369898e-03 -1.798293926961127e-02 0.000000000000000e+00 0.000000000000000e+00
3.257169640845605e-01 1.787922849883174e-04 -1.193306336567251e-06 -9.630484306306667e-03 -1.672210289976905e-02 0.000000000000000e+00 0.000000000000000e+00
3.362239629259979e-01 1.786250973918859e-04 -2.503339185938952e-06 -9.449420222413145e-03 -1.545915371568651e-02 0.000000000000000e+00 0.000000000000000e+00
3.467309617674353e-01 1.780298404224335e-04 -3.891691467216087e-06 -9.263034229949663e-03 -1.419701449997166e-02 0.000000000000000e+00 0.000000000000000e+00
3.572379606088728e-01 1.770119865768375e-04 -5.354979855787278e-06 -9.071303301402069e-03 -1.293857839672028e-02 0.000000000000000e+00 0.000000000000000e+00
3.677449594503102e-01 1.755782364283760e-04 -6.889449540347846e-06 -8.874199659131774e-03 -1.168670070045305e-02 0.000000000000000e+00 0.000000000000000e+00
3.782519582917477e-01 1.737364894037698e-04 -8.490984140948830e-06 -8.671691401893040e-03 -1.044419082320779e-02 0.000000000000000e+00 0.000000000000000e+00
3.887589571331851e-01 1.714958107142285e-04 -1.015511683169009e-05 -8.463743247598856e-03 -9.213804465248679e-03 0.000000000000000e+00 0.000000000000000e+00
3.992659559746226e-01 1.688663945806535e-04 -1.187704263780105e-05 -8.250317391778802e-03 -7.998236013907605e-03 0.000000000000000e+00 0.000000000000000e+00
4.097729548160600e-01 1.658595239079417e-04 -1.365163187506945e-05 -8.031374480149253e-03 -6.800111194072673e-03 0.000000000000000e+00 0.000000000000000e+00
4.202799536574974e-01 1.624875265720753e-04 -1.547344469855927e-05 -7.806874692715906e-03 -5.621979992714065e-03 0.000000000000000e+00 0.000000000000000e+00
4.307869524989348e-01 1.587637285001107e-04 -1.733674672776131e-05 -7.576778935693954e-03 -4.466309878761791e-03 0.000000000000000e+00 0.000000000000000e+00
4.412939513403723e-01 1.547024037276343e-04 -1.923552571407270e-05 -7.341050136554058e-03 -3.335479338339696e-03 0.000000000000000e+00 0.000000000000000e+00
4.518009501818097e-01 1.503187216316609e-04 -2.116350921670950e-05 -7.099654636379423e-03 -2.231771744134664e-03 0.000000000000000e+00 0.000000000000000e+00
4.623079490232472e-01 1.456286915441425e-04 -2.311418325266247e-05 -6.852563672686683e-03 -1.157369576319281e-03 0.000000000000000e+00 0.000000000000000e+00
4.728149478646846e-01 1.406491049576452e-04 -2.508081188574776e-05 -6.599754944820865e-03 -1.143490110424651e-04 0.000000000000000e+00 0.000000000000000e+00
4.833219467061221e-01 1.353974755462016e-04 -2.705645772003618e-05 -6.341214253002832e-03 8.953251088934258e-04 0.000000000000000e+00 0.000000000000000e+00
4.938289455475595e-01 1.298919772213690e-04 -2.903400326161603e-05 -6.076937201138211e-03 1.869803908054066e-03 0.000000000000000e+00 0.000000000000000e+00
5.043359443889969e-01 1.241513804613330e-04 -3.100617311279409e-05 -5.806930952536703e-03 2.807358705477746e-03 0.000000000000000e+00 0.000000000000000e+00
5.148429432304343e-01 1.181949871415090e-04 -3.296555696148308e-05 -5.531216026799078e-03 3.706384824743296e-03 0.000000000000000e+00 0.000000000000000e+00
5.253499420718718e-01 1.120425641082006e-04 -3.490463332773996e-05 -5.249828125287562e-03 4.565404978460624e-03 0.000000000000000e+00 0.000000000000000e+00
5.358569409133092e-01 1.057142757343524e-04 -3.681579402799798e-05 -4.962819971819871e-03 5.383072220180669e-03 0.000000000000000e+00 0.000000000000000e+00
5.463639397547466e-01 9.923061569912548e-05 -3.869136931594558e-05 -4.670263154525660e-03 6.158172458289910e-03 0.000000000000000e+00 0.000000000000000e+00
5.568709385961841e-01 9.261233823331302e-05 -4.052365365705986e-05 -4.372249954183893e-03 6.889626528016601e-03 0.000000000000000e+00 0.000000000000000e+00
5.673779374376215e-01 8.588038907210290e-05 -4.230493209150956e-05 -4.068895143826770e-03 7.576491819234229e-03 0.000000000000000e+00 0.000000000000000e+00
5.778849362790589e-01 7.905583635570062e-05 -4.402750713756694e-05 -3.760337743966049e-03 8.217963459288720e-03 0.000000000000000e+00 0.000000000000000e+00
5.883919351204964e-01 7.215980171518938e-05 -4.568372618443249e-05 -3.446742717445243e-03 8.813375051616173e-03 0.000000000000000e+00 0.000000000000000e+00
5.988989339619338e-01 6.521339177949012e-05 -4.726600932041593e-05 -3.128302587724249e-03 9.362198972404662e-03 0.000000000000000e+00 0.000000000000000e+00
6.094059328033713e-01 5.823763033454062e-05 -4.876687753782622e-05 -2.805238964269260e-03 9.864046229047749e-03 0.000000000000000e+00 0.000000000000000e+00
6.199129316448087e-01 5.125339135973193e-05 -5.017898125371269e-05 -2.477803958712957e-03 1.031866588558056e-02 0.000000000000000e+00 0.000000000000000e+00
6.304199304862461e-01 4.428133316612738e-05 -5.149512907745973e-05 -2.146281475639650e-03 1.072594406167846e-02 0.000000000000000e+00 0.000000000000000e+00
6.409269293276836e-01 3.734183384768477e-05 -5.270831675667190e-05 -1.810988362004297e-03 1.108590251319336e-02 0.000000000000000e+00 0.000000000000000e+00
6.514339281691210e-01 3.045492825695334e-05 -5.381175622263240e-05 -1.472275399674441e-03 1.139869680349058e-02 0.000000000000000e+00 0.000000000000000e+00
6.619409270105584e-01 2.364024670457476e-05 -5.479890465486880e-05 -1.130528126023075e-03 1.166461407613689e-02 0.000000000000000e+00 0.000000000000000e+00
6.724479258519959e-01 1.691695557598696e-05 -5.566349347727043e-05 -7.861674681718475e-04 1.188407044069459e-02 0.000000000000000e+00 0.000000000000000e+00
6.829549246934333e-01 1.030370004954290e-05 -5.639955719338068e-05 -4.396501772311381e-04 1.205760798453447e-02 0.000000000000000e+00 0.000000000000000e+00
6.934619235348707e-01 3.818549091127926e-06 -5.700146196166439e-05 -9.146904981753214e-05 1.218589142467272e-02 0.000000000000000e+00 0.000000000000000e+00
7.039689223763081e-01 -2.521057109110062e-06 -5.746393380833724e-05 2.578470749373022e-04 1.226970441467210e-02 0.000000000000000e+00 0.000000000000000e+00
7.144759212177456e-01 -8.698357102828465e-06 -5.778208636634475e-05 6.077335534109084e-04 1.230994552260562e-02 0.000000000000000e+00 0.000000000000000e+00
7.249829200591831e-01 -1.469731540746463e-05 -5.795144802684094e-05 9.575904199279573e-04 1.230762389698324e-02 0.000000000000000e+00 0.000000000000000e+00
7.354899189006204e-01 -2.050266685338207e-05 -5.796798838284509e-05 1.306783121579849e-03 1.226385463836156e-02 0.000000000000000e+00 0.000000000000000e+00
7.459969177420579e-01 -2.609995793335576e-05 -5.782814383912772e-05 1.654643511873636e-03 1.217985389511660e-02 0.000000000000000e+00 0.000000000000000e+00
7.565039165834954e-01 -3.147558504069345e-05 -5.752884226018457e-05 2.000471108204030e-03 1.205693370253113e-02 0.000000000000000e+00 0.000000000000000e+00
7.670109154249328e-01 -3.661682949807797e-05 -5.706752652182840e-05 2.343534616370665e-03 1.189649658496099e-02 0.000000000000000e+00 0.000000000000000e+00
7.775179142663702e-01 -4.151188929013843e-05 -5.644217682967588e-05 2.683073723676157e-03 1.170002994137425e-02 0.000000000000000e+00 0.000000000000000e+00
7.880249131078076e-01 -4.614990742174042e-05 -5.565133166541136e-05 3.018301160371075e-03 1.146910023500325e-02 0.000000000000000e+00 0.000000000000000e+00
7.985319119492451e-01 -5.052099684086952e-05 -5.469410721858909e-05 3.348405027275680e-03 1.120534700824020e-02 0.000000000000000e+00 -0.000000000000000e+00
8.090389107906826e-01 -5.461626187561526e-05 -5.357021516126859e-05 3.672551385539499e-03 1.091047674420737e-02 0.000000000000000e+00 -0.000000000000000e+00
8.195459096321199e-01 -5.842781614331286e-05 -5.227997862274423e-05 3.989887102592821e-03 1.058625659664825e-02 0.000000000000000e+00 -0.000000000000000e+00
8.300529084735574e-01 -6.194879690842045e-05 -5.082434622151284e-05 4.299542946311991e-03 1.023450800995826e-02 0.000000000000000e+00 -0.000000000000000e+00
8.405599073149949e-01 -6.517337587451381e-05 -4.920490401395596e-05 4.600636917500199e-03 9.857100251243004e-03 0.000000000000000e+00 -0.000000000000000e+00
8.510669061564322e-01 -6.809676640631219e-05 -4.742388522199776e-05 4.892277808834335e-03 9.455943876292021e-03 0.000000000000000e+00 -0.000000000000000e+00
8.615739049978697e-01 -7.071522719438069e-05 -4.548417760568530e-05 5.173568976452470e-03 9.032984151306963e-03 0.000000000000000e+00 -0.000000000000000e+00
8.720809038393071e-01 -7.302606238141281e-05 -4.338932835213913e-05 5.443612308504217e-03 8.590194452068513e-03 0.000000000000000e+00 -0.000000000000000e+00
8.825879026807446e-01 -7.502761818548277e-05 -4.114354635845388e-05 5.701512373100345e-03 8.129569662039156e-03 0.000000000000000e+00 -0.000000000000000e+00
8.930949015221820e-01 -7.671927606622492e-05 -3.875170179392310e-05 5.946380726330161e-03 7.653119590627117e-03 0.000000000000000e+00 -0.000000000000000e+00
9.036019003636194e-01 -7.810144248538383e-05 -3.621932283586879e-05 6.177340359347280e-03 7.162862432478845e-03 0.000000000000000e+00 -0.000000000000000e+00
9.141088992050569e-01 -7.917553533282915e-05 -3.355258948337575e-05 6.393530261867402e-03 6.660818288304799e-03 0.000000000000000e+00 -0.000000000000000e+00
9.246158980464944e-01 -7.994396709557043e-05 -3.075832436479558e-05 6.594110077959976e-03 6.149002767270802e-03 0.000000000000000e+00 -0.000000000000000e+00
9.351228968879317e-01 -8.041012485272978e-05 -2.784398046737695e-05 6.778264828663753e-03 5.629420690452375e-03 0.000000000000000e+00 -0.000000000000000e+00
9.456298957293692e-01 -8.057834719831846e-05 -2.481762573125400e-05 6.945209674680143e-03 5.104059914316859e-03 0.000000000000000e+00 -0.000000000000000e+00
9.561368945708066e-01 -8.045389819859509e-05 -2.168792446502419e-05 7.094194691341617e-03 4.574885292559780e-03 0.000000000000000e+00 -0.000000000000000e+00
9.666438934122441e-01 -8.004293849505465e-05 -1.846411555594810e-05 7.224509627142742e-03 4.043832793927195e-03 0.000000000000000e+00 -0.000000000000000e+00
9.771508922536815e-01 -7.935249368200860e-05 -1.515598746507832e-05 7.335488616335250e-03 3.512803792980631e-03 0.000000000000000e+00 -0.000000000000000e+00
9.876578910951189e-01 -7.839042008990103e-05 -1.177385001544921e-05 7.426514815544042e-03 2.983659549973918e-03 0.000000000000000e+00 -0.000000000000000e+00
9.981648899365564e-01 -7.716536811190370e-05 -8.328503000081440e-06 7.497024933979826e-03 2.458215895201758e-03 0.000000000000000e+00 -0.000000000000000e+00
1.008671888777994e+00 -7.568674322289154e-05 -4.831201656210630e-06 7.546513626629080e-03 1.938238132362109e-03 -0.000000000000000e+00 0.000000000000000e+00
1.019178887619431e+00 -7.396466484300544e-05 -1.293619072042965e-06 7.574537719832278e-03 1.425436174583141e-03 -0.000000000000000e+00 0.000000000000000e+00
1.029685886460869e+00 -7.200992320512850e-05 2.272194387122841e-06 7.580720238885901e-03 9.214599258654558e-04 -0.000000000000000e+00 0.000000000000000e+00
1.040192885302306e+00 -6.983393439080993e-05 5.853854525769635e-06 7.564754207743899e-03 4.278949197547390e-04 -0.000000000000000e+00 0.000000000000000e+00
1.050699884143744e+00 -6.744869370396714e-05 9.438689509474898e-06 7.526406191547041e-03 -5.374177389851544e-05 -0.000000000000000e+00 0.000000000000000e+00
1.061206882985181e+00 -6.486672755584006e-05 1.301378865068684e-05 7.465519553574635e-03 -5.220053642246616e-04 -0.000000000000000e+00 0.000000000000000e+00
1.071713881826618e+00 -6.210104403915757e-05 1.656605361962925e-05 7.382017399292534e-03 -9.755268677668726e-04 -0.000000000000000e+00 0.000000000000000e+00
1.082220880668056e+00 -5.916508236924910e-05 2.008225188737206e-05 7.275905181456406e-03 -1.413016342253604e-03 -0.000000000000000e+00 0.000000000000000e+00
1.092727879509493e+00 -5.607266137899947e-05 2.354907219229473e-05 7.147272941728508e-03 -1.833265818808468e-03 -0.000000000000000e+00 0.000000000000000e+00
1.103234878350931e+00 -5.283792724778261e-05 2.695318179768003e-05 6.996297165950618e-03 -2.235151926868615e-03 -0.000000000000000e+00 0.000000000000000e+00
1.113741877192368e+00 -4.947530065263378e-05 3.028128529229026e-05 6.823242232106303e-03 -2.617638207024724e-03 -0.000000000000000e+00 0.000000000000000e+00
1.124248876033806e+00 -4.599942352703018e-05 3.352018466693179e-05 6.628461432068897e-03 -2.979777108090347e-03 -0.000000000000000e+00 0.000000000000000e+00
1.134755874875243e+00 -4.242510561361624e-05 3.665684038387499e-05 6.412397550471106e-03 -3.320711665740944e-03 -0.000000000000000e+00 0.000000000000000e+00
1.145262873716681e+00 -3.876727099644927e-05 3.967843314079276e-05 6.175582986430433e-03 -3.639676861107448e-03 -0.000000000000000e+00 0.000000000000000e+00
1.155769872558118e+00 -3.504090479709577e-05 4.257242601718718e-05 5.918639406409885e-03 -3.936000658746298e-03 -0.000000000000000e+00 0.000000000000000e+00
1.166276871399555e+00 -3.126100021705958e-05 4.532662667919926e-05 5.642276919169966e-03 -4.209104724435599e-03 -0.000000000000000e+00 0.000000000000000e+00
1.176783870240993e+00 -2.744250610658536e-05 4.792924930837791e-05 5.347292766561095e-03 -4.458504824263036e-03 -0.000000000000000e+00 0.000000000000000e+00
1.187290869082430e+00 -2.360027523684792e-05 5.036897591156327e-05 5.034569526796553e-03 -4.683810907472587e-03 -0.000000000000000e+00 0.000000000000000e+00
1.197797867923868e+00 -1.974901344894279e-05 5.263501666257556e-05 4.705072829818094e-03 -4.884726876521256e-03 -0.000000000000000e+00 0.000000000000000e+00
1.208304866765305e+00 -1.590322984890236e-05 5.471716892243744e-05 4.359848587403611e-03 -5.061050048757107e-03 -0.000000000000000e+00 0.000000000000000e+00
1.218811865606743e+00 -1.207718821331691e-05 5.660587458178498e-05 4.000019743730358e-03 -5.212670315082180e-03 -0.000000000000000e+00 0.000000000000000e+00
1.229318864448180e+00 -8.284859764772379e-06 5.829227537100150e-05 3.626782555223326e-03 -5.339569001860405e-03 -0.000000000000000e+00 0.000000000000000e+00
1.239825863289617e+00 -4.539877470684993e-06 5.976826578452158e-05 3.241402411595888e-03 -5.441817443238364e-03 -0.000000000000000e+00 0.000000000000000e+00
1.250332862131055e+00 -8.554920126786334e-07 6.102654327160696e-05 2.845209213082823e-03 -5.519575271890002e-03 -0.000000000000000e+00 0.000000000000000e+00
1.260839860972492e+00 2.755470432721596e-06 6.206065535343990e-05 2.439592321878437e-03 -5.573088437036182e-03 -0.000000000000000e+00 0.000000000000000e+00
1.271346859813930e+00 6.280648469151438e-06 6.286504333536300e-05 2.025995108797464e-03 -5.602686959360189e-03 -0.000000000000000e+00 0.000000000000000e+00
1.281853858655367e+00 9.708183685330021e-06 6.343508229646155e-05 1.605909119022022e-03 -5.608782433218723e-03 -0.000000000000000e+00 0.000000000000000e+00
1.292360857496805e+00 1.302675667189508e-05 6.376711705279329e-05 1.180867883597334e-03 -5.591865287248377e-03 0.000000000000000e+00 0.000000000000000e+00
1.302867856338242e+00 1.622562074151467e-05 6.385849380757222e-05 7.524404059946282e-04 -5.552501815144560e-03 0.000000000000000e+00 0.000000000000000e+00
1.313374855179679e+00 1.929463325130076e-05 6.370758722143595e-05 3.222243555454816e-04 -5.491330989029068e-03 0.000000000000000e+00 0.000000000000000e+00
1.323881854021117e+00 2.222428443631756e-05 6.331382265722821e-05 -1.081609980991243e-04 -5.409061068406626e-03 0.000000000000000e+00 0.000000000000000e+00
1.334388852862554e+00 2.500572367212905e-05 6.267769337759083e-05 -5.370820731851711e-04 -5.306466018256664e-03 0.000000000000000e+00 0.000000000000000e+00
1.344895851703992e+00 2.763078309400176e-05 6.180077249939801e-05 -9.628984484993738e-04 -5.184381750303354e-03 0.000000000000000e+00 0.000000000000000e+00
1.355402850545429e+00 3.009199851023696e-05 6.068571953669050e-05 -1.383970480463210e-03 -5.043702201955986e-03 0.000000000000000e+00 0.000000000000000e+00
1.365909849386867e+00 3.238262755716580e-05 5.933628139310997e-05 -1.798667023205843e-03 -4.885375267811724e-03 0.000000000000000e+00 0.000000000000000e+00
1.376416848228304e+00 3.449666505355165e-05 5.775728769572072e-05 -2.205373208897602e-03 -4.710398598962172e-03 0.000000000000000e+00 0.000000000000000e+00
1.386923847069741e+00 3.642885552259952e-05 5.595464039434916e-05 -2.602498244638040e-03 -4.519815285644065e-03 0.000000000000000e+00 0.000000000000000e+00
1.397430845911179e+00 3.817470285923914e-05 5.393529758405573e-05 -2.988483181479445e-03 -4.314709439018586e-03 0.000000000000000e+00 0.000000000000000e+00
1.407937844752616e+00 3.973047713428098e-05 5.170725154247329e-05 -3.361808610712780e-03 -4.096201688066712e-03 0.000000000000000e+00 0.000000000000000e+00
1.418444843594054e+00 4.109321852993317e-05 4.927950100934573e-05 -3.721002242421205e-03 -3.865444607710341e-03 0.000000000000000e+00 0.000000000000000e+00
1.428951842435491e+00 4.226073842279422e-05 4.666201777069878e-05 -4.064646321399071e-03 -3.623618094382856e-03 0.000000000000000e+00 0.000000000000000e+00
1.439458841276929e+00 4.323161762924315e-05 4.386570764593335e-05 -4.391384835999184e-03 -3.371924705286758e-03 0.000000000000000e+00 0.000000000000000e+00
1.449965840118366e+00 4.400520184695524e-05 4.090236601273359e-05 -4.699930476177216e-03 -3.111584977564249e-03 0.000000000000000e+00 0.000000000000000e+00
1.460472838959804e+00 4.458159433209411e-05 3.778462803941826e-05 -4.989071298014618e-03 -2.843832743538833e-03 0.000000000000000e+00 0.000000000000000e+00
1.470979837801241e+00 4.496164586289801e-05 3.452591382971323e-05 -5.257677053306489e-03 -2.569910458060626e-03 0.000000000000000e+00 0.000000000000000e+00
1.481486836642678e+00 4.514694205068828e-05 3.114036872073253e-05 -5.504705144392375e-03 -2.291064553798154e-03 0.000000000000000e+00 0.000000000000000e+00
1.491993835484116e+00 4.513978806720466e-05 2.764279900529506e-05 -5.729206166251256e-03 -2.008540840122098e-03 0.000000000000000e+00 0.000000000000000e+00
1.502500834325553e+00 4.494319086807249e-05 2.404860338541690e-05 -5.930329000029752e-03 -1.723579960911749e-03 0.000000000000000e+00 0.000000000000000e+00
1.513007833166991e+00 4.456083900128935e-05 2.037370049274446e-05 -6.107325424538950e-03 -1.437412926310909e-03 0.000000000000000e+00 0.000000000000000e+00
1.523514832008428e+00 4.399708009378366e-05 1.663445284048179e-05 -6.259554214884951e-03 -1.151256733064181e-03 0.000000000000000e+00 0.000000000000000e+00
1.534021830849866e+00 4.325689612656585e-05 1.284758759822426e-05 -6.386484700235913e-03 -8.663100876855501e-04 0.000000000000000e+00 0.000000000000000e+00
1.544528829691303e+00 4.234587660356864e-05 9.030114608986265e-06 -6.487699755806933e-03 -5.837492461469818e-04 0.000000000000000e+00 0.000000000000000e+00
1.555035828532740e+00 4.127018974155720e-05 5.199242085363382e-06 -6.562898207363253e-03 -3.047239833876076e-04 0.000000000000000e+00 0.000000000000000e+00
1.565542827374178e+00 4.003655180009580e-05 1.372290445893320e-06 -6.611896629984920e-03 -3.035370526594227e-05 0.000000000000000e+00 0.000000000000000e+00
1.576049826215615e+00 3.865219468921239e-05 -2.433395232021311e-06 -6.634630526386452e-03 2.382762849343914e-04 0.000000000000000e+00 0.000000000000000e+00
1.586556825057053e+00 3.712483199190719e-05 -6.200533651324489e-06 -6.631154873785350e-03 5.001183540067876e-04 0.000000000000000e+00 0.000000000000000e+00
1.597063823898490e+00 3.546262354403933e-05 -9.911996124089177e-06 -6.601644032106168e-03 7.541659295636670e-04 0.000000000000000e+00 0.000000000000000e+00
1.607570822739928e+00 3.367413871979900e-05 -1.355089527903170e-05 -6.546391010178529e-03 9.994567039501895e-04 0.000000000000000e+00 0.000000000000000e+00
1.618077821581365e+00 3.176831857583241e-05 -1.710067313182600e-05 -6.465806090513256e-03 1.235075641992303e-03 0.000000000000000e+00 0.000000000000000e+00
1.628584820422802e+00 2.975443701020095e-05 -2.054518800052730e-05 -6.360414817193315e-03 1.460157784007179e-03 0.000000000000000e+00 0.000000000000000e+00
1.639091819264240e+00 2.764206109108471e-05 -2.386879975039504e-05 -6.230855355361361e-03 1.673890836320868e-03 0.000000000000000e+00 0.000000000000000e+00
1.649598818105677e+00 2.544101071902750e-05 -2.705645285703297e-05 -6.077875234716231e-03 1.875517542309548e-03 0.000000000000000e+00 0.000000000000000e+00
1.660105816947115e+00 2.316131778396620e-05 -3.009375678463665e-05 -5.902327493296737e-03 2.064337827845943e-03 0.000000000000000e+00 0.000000000000000e+00
1.670612815788552e+00 2.081318497757437e-05 -3.296706319042231e-05 -5.705166241622826e-03 2.239710715873515e-03 0.000000000000000e+00 0.000000000000000e+00
1.681119814629990e+00 1.840694442647674e-05 -3.566353947699331e-05 -5.487441670945870e-03 2.401056005702737e-03 0.000000000000000e+00 0.000000000000000e+00
1.691626813471427e+00 1.595301630680040e-05 -3.817123823785784e-05 -5.250294532918271e-03 2.547855713485261e-03 0.000000000000000e+00 -0.000000000000000e+00
1.702133812312864e+00 1.346186760300984e-05 -4.047916215713645e-05 -4.994950121377864e-03 2.679655271233702e-03 0.000000000000000e+00 -0.000000000000000e+00
1.712640811154302e+00 1.094397116852247e-05 -4.257732395616673e-05 -4.722711790175247e-03 2.796064482604173e-03 0.000000000000000e+00 -0.000000000000000e+00
1.723147809995739e+00 8.409765246376092e-06 -4.445680099967019e-05 -4.434954043962644e-03 2.896758234598522e-03 0.000000000000000e+00 -0.000000000000000e+00
1.733654808837177e+00 5.869613605215669e-06 -4.610978420887567e-05 -4.133115241677438e-03 2.981476965178511e-03 0.000000000000000e+00 -0.000000000000000e+00
1.744161807678614e+00 3.333766437598185e-06 -4.752962096152460e-05 -3.818689954964370e-03 3.050026887726317e-03 0.000000000000000e+00 -0.000000000000000e+00
1.754668806520052e+00 8.123221704172582e-07 -4.871085169183407e-05 -3.493221026099272e-03 3.102279974096859e-03 0.000000000000000e+00 -0.000000000000000e+00
1.765175805361489e+00 -1.684809673695867e-06 -4.964923994251179e-05 -3.158291371938125e-03 3.138173698932287e-03 0.000000000000000e+00 -0.000000000000000e+00
1.775682804202927e+00 -4.147944426391778e-06 -5.034179565872527e-05 -2.815515582158460e-03 3.157710548704846e-03 0.000000000000000e+00 -0.000000000000000e+00
1.786189803044364e+00 -6.567656906169341e-06 -5.078679155619595e-05 -2.466531361421463e-03 3.160957299830863e-03 0.000000000000000e+00 -0.000000000000000e+00
1.796696801885801e+00 -8.934814608925749e-06 -5.098377243628667e-05 -2.112990866194942e-03 3.148044070969861e-03 0.000000000000000e+00 -0.000000000000000e+00
1.807203800727239e+00 -1.124060934008740e-05 -5.093355736528494e-05 -1.756551987707380e-03 3.119163155433522e-03 0.000000000000000e+00 -0.000000000000000e+00
1.817710799568676e+00 -1.347658717867781e-05 -5.063823467870521e-05 -1.398869632931679e-03 3.074567640376161e-03 0.000000000000000e+00 -0.000000000000000e+00
1.828217798410114e+00 -1.563467667155212e-05 -5.010114981619425e-05 -1.041587055575061e-03 3.014569820169920e-03 0.000000000000000e+00 -0.000000000000000e+00
1.838724797251551e+00 -1.770721516411308e-05 -4.932688603745416e-05 -6.863272887927252e-04 2.939539412063621e-03 0.000000000000000e+00 -0.000000000000000e+00
1.849231796092989e+00 -1.968697318226377e-05 -4.832123811435780e-05 -3.346847307445442e-04 2.849901582884784e-03 0.000000000000000e+00 -0.000000000000000e+00
1.859738794934426e+00 -2.156717678909715e-05 -4.709117913880442e-05 1.178306682033616e-05 2.746134796167741e-03 0.000000000000000e+00 -0.000000000000000e+00
1.870245793775863e+00 -2.334152784882862e-05 -4.564482062953576e-05 3.515633580317062e-04 2.628768489673788e-03 0.000000000000000e+00 -0.000000000000000e+00
1.880752792617301e+00 -2.500422213970653e-05 -4.399136616380885e-05 6.831958630886738e-04 2.498380593810793e-03 0.000000000000000e+00 -0.000000000000000e+00
1.891259791458738e+00 -2.654996526704728e-05 -4.214105880120121e-05 1.005280083744032e-03 2.355594901956623e-03 0.000000000000000e+00 -0.000000000000000e+00
1.901766790300176e+00 -2.797398633709056e-05 -4.010512260661794e-05 1.316482230857977e-03 2.201078304142296e-03 0.000000000000000e+00 -0.000000000000000e+00
1.912273789141613e+00 -2.927204936212780e-05 -3.789569861746958e-05 1.615541723287112e-03 2.035537895954790e-03 0.000000000000000e+00 -0.000000000000000e+00
1.922780787983051e+00 -3.044046237630292e-05 -3.552577563599598e-05 1.901277220138023e-03 1.859717974873302e-03 0.000000000000000e+00 -0.000000000000000e+00
1.933287786824488e+00 -3.147608425344212e-05 -3.300911626049340e-05 2.172592151423858e-03 1.674396936561390e-03 0.000000000000000e+00 -0.000000000000000e+00
1.943794785665925e+00 -3.237632922424868e-05 -3.036017860102431e-05 2.428479715417591e-03 1.480384083885479e-03 0.000000000000000e+00 -0.000000000000000e+00
1.954301784507363e+00 -3.313916910333930e-05 -2.759403415213123e-05 2.668027314444904e-03 1.278516361637677e-03 0.000000000000000e+00 -0.000000000000000e+00
1.964808783348800e+00 -3.376313324499156e-05 -2.472628232028777e-05 2.890420404508624e-03 1.069655030089618e-03 0.000000000000000e+00 -0.000000000000000e+00
1.975315782190238e+00 -3.424730625275639e-05 -2.177296212629997e-05 3.094945737947288e-03 8.546822905932652e-04 0.000000000000000e+00 -0.000000000000000e+00
1.985822781031675e+00 -3.459132348466787e-05 -1.875046161912286e-05 3.280993982267416e-03 6.344978765054698e-04 0.000000000000000e+00 -0.000000000000000e+00
1.996329779873113e+00 -3.479536439525949e-05 -1.567542555486814e-05 3.448061702354864e-03 4.100156226826330e-04 0.000000000000000e+00 -0.000000000000000e+00
2.006836778714550e+00 -3.486014377177542e-05 -1.256466190379737e-05 3.595752697400302e-03 1.821600267476470e-04 0.000000000000000e+00 -0.000000000000000e+00
2.017343777555987e+00 -3.478690092643490e-05 -9.435047756824344e-06 3.723778688070510e-03 -4.813718479370367e-05 -0.000000000000000e+00 0.000000000000000e+00
2.027850776397425e+00 -3.457738691589710e-05 -6.303435205465286e-06 3.831959353673210e-03 -2.799404726638169e-04 -0.000000000000000e+00 0.000000000000000e+00
2.038357775238862e+00 -3.423384986611297e-05 -3.186557770557128e-06 3.920221723278785e-03 -5.123138704589134e-04 -0.000000000000000e+00 0.000000000000000e+00
2.048864774080300e+00 -3.375901848837304e-05 -1.009379491530687e-07 3.988598928943620e-03 -7.443243273837268e-04 -0.000000000000000e+00 0.000000000000000e+00
2.059371772921737e+00 -3.315608387880092e-05 2.937203556618043e-06 4.037228333300352e-03 -9.750449959596415e-04 -0.000000000000000e+00 0.000000000000000e+00
2.069878771763175e+00 -3.242867969997150e-05 5.912036379073702e-06 4.066349047813489e-03 -1.203558452930624e-03 -0.000000000000000e+00 0.000000000000000e+00
2.080385770604612e+00 -3.158086084892337e-05 8.808206255501971e-06 4.076298861910204e-03 -1.428959842014072e-03 -0.000000000000000e+00 0.000000000000000e+00
2.090892769446050e+00 -3.061708072225282e-05 1.161091751538248e-05 4.067510606972365e-03 -1.650359927562873e-03 -0.000000000000000e+00 0.000000000000000e+00
2.101399768287487e+00 -2.954216718957106e-05 1.430601178454557e-05 4.040507982761445e-03 -1.866888048736365e-03 -0.000000000000000e+00 0.000000000000000e+00
2.111906767128925e+00 -2.836129739925225e-05 1.688004244427579e-05 3.995900877276955e-03 -2.077694964229909e-03 -0.000000000000000e+00 0.000000000000000e+00
2.122413765970362e+00 -2.707997153350498e-05 1.932034439749315e-05 3.934380214205430e-03 -2.281955578256414e-03 -0.000000000000000e+00 0.000000000000000e+00
2.132920764811800e+00 -2.570398564101735e-05 2.161509873837735e-05 3.856712365089317e-03 -2.478871538994193e-03 -0.000000000000000e+00 0.000000000000000e+00
2.143427763653237e+00 -2.423940367406733e-05 2.375339194837825e-05 3.763733166014469e-03 -2.667673701380068e-03 -0.000000000000000e+00 0.000000000000000e+00
2.153934762494674e+00 -2.269252885999584e-05 2.572526928077251e-05 3.656341581026108e-03 -2.847624446762567e-03 -0.000000000000000e+00 0.000000000000000e+00
2.164441761336112e+00 -2.106987453755543e-05 2.752178203643409e-05 3.535493056598621e-03 -3.018019852599506e-03 -0.000000000000000e+00 0.000000000000000e+00
2.174948760177549e+00 -1.937813459000528e-05 2.913502847115603e-05 3.402192613277925e-03 -3.178191706092293e-03 -0.000000000000000e+00 0.000000000000000e+00
2.185455759018986e+00 -1.762415360785832e-05 3.055818811955777e-05 3.257487722101194e-03 -3.327509356352979e-03 -0.000000000000000e+00 0.000000000000000e+00
2.195962757860424e+00 -1.581489690862924e-05 3.178554936408384e-05 3.102461014542402e-03 -3.465381400434776e-03 -0.000000000000000e+00 0.000000000000000e+00
2.206469756701861e+00 -1.395742055062061e-05 3.281253012428460e-05 2.938222875555214e-03 -3.591257199283914e-03 0.000000000000000e+00 -0.000000000000000e+00
2.216976755543299e+00 -1.205884146078727e-05 3.363569158163254e-05 2.765903969720871e-03 -3.704628220447902e-03 0.000000000000000e+00 -0.000000000000000e+00
2.227483754384736e+00 -1.012630781128325e-05 3.425274490975804e-05 2.586647750667386e-03 -3.805029205090801e-03 0.000000000000000e+00 -0.000000000000000e+00
2.237990753226174e+00 -8.166969762266410e-06 3.466255101816698e-05 2.401603003662122e-03 -3.892039157655883e-03 0.000000000000000e+00 -0.000000000000000e+00
2.248497752067611e+00 -6.187950694942260e-06 3.486511336781632e-05 2.211916470728959e-03 -3.965282157249680e-03 0.000000000000000e+00 -0.000000000000000e+00
2.259004750909049e+00 -4.196319049371791e-06 3.486156396371514e-05 2.018725606730978e-03 -4.024427990572750e-03 0.000000000000000e+00 -0.000000000000000e+00
2.269511749750486e+00 -2.199060881667040e-06 3.465414266722729e-05 1.823151513593992e-03 -4.069192606975883e-03 0.000000000000000e+00 -0.000000000000000e+00
2.280018748591924e+00 -2.030532463422985e-07 3.424617002356825e-05 1.626292098310229e-03 -4.099338396931498e-03 0.000000000000000e+00 -0.000000000000000e+00
2.290525747433361e+00 1.784961491708847e-06 3.364201383478346e-05 1.429215498462807e-03 -4.114674295938895e-03 0.000000000000000e+00 -0.000000000000000e+00
2.301032746274798e+00 3.758400320030062e-06 3.284704975059628e-05 1.232953816840613e-03 -4.115055716576144e-03 0.000000000000000e+00 -0.000000000000000e+00
2.311539745116236e+00 5.710863123348596e-06 3.186761618901692e-05 1.038497204269032e-03 -4.100384312084743e-03 0.000000000000000e+00 -0.000000000000000e+00
2.322046743957673e+00 7.636155025339125e-06 3.071096393314391e-05 8.467883270593847e-04 -4.070607575530969e-03 0.000000000000000e+00 -0.000000000000000e+00
2.332553742799111e+00 9.528307449659662e-06 2.938520078237260e-05 6.587172525143187e-04 -4.025718279216869e-03 0.000000000000000e+00 -0.000000000000000e+00
2.343060741640548e+00 1.138159782701421e-05 2.789923166973388e-05 4.751167827642787e-04 -3.965753759609006e-03 0.000000000000000e+00 0.000000000000000e+00
2.353567740481985e+00 1.319056788445506e-05 2.626269468074861e-05 2.967582638153196e-04 -3.890795053626470e-03 0.000000000000000e+00 0.000000000000000e+00
2.364074739323423e+00 1.495004045817979e-05 2.448589343714127e-05 1.243478931604813e-04 -3.800965892661107e-03 0.000000000000000e+00 0.000000000000000e+00
2.374581738164860e+00 1.665513478030048e-05 2.257972632572374e-05 -4.147645440738184e-05 -3.696431561206342e-03 0.000000000000000e+00 0.000000000000000e+00
2.385088737006298e+00 1.830128019621264e-05 2.055561307428378e-05 -2.001478669346620e-04 -3.577397627431935e-03 0.000000000000000e+00 0.000000000000000e+00
2.395595735847735e+00 1.988422827779837e-05 1.842541918433437e-05 -3.511724894870062e-04 -3.444108553467175e-03 0.000000000000000e+00 0.000000000000000e+00
2.406102734689173e+00 2.140006330456149e-05 1.620137874798984e-05 -4.941310643882393e-04 -3.296846193538155e-03 0.000000000000000e+00 0.000000000000000e+00
2.416609733530610e+00 2.284521109305188e-05 1.389601617530088e-05 -6.286799135777182e-04 -3.135928188446865e-03 0.000000000000000e+00 0.000000000000000e+00
2.427116732372048e+00 2.421644616235359e-05 1.152206736588071e-05 -7.545513631276112e-04 -2.961706265178787e-03 0.000000000000000e+00 0.000000000000000e+00
2.437623731213485e+00 2.551089723113502e-05 9.092400855130722e-06 -8.715536139585068e-04 -2.774564450680775e-03 0.000000000000000e+00 0.000000000000000e+00
2.448130730054923e+00 2.672605104936681e-05 6.619939461064449e-06 -9.795700667211429e-04 -2.574917209061625e-03 0.000000000000000e+00 0.000000000000000e+00
2.458637728896360e+00 2.785975457476901e-05 4.117582948479342e-06 -1.078558112667015e-03 -2.363207511632430e-03 0.000000000000000e+00 0.000000000000000e+00
2.469144727737797e+00 2.891021551308221e-05 1.598132216598588e-06 -1.168547406066911e-03 -2.139904849326912e-03 0.000000000000000e+00 0.000000000000000e+00
2.479651726579235e+00 2.987600124493036e-05 -9.257845028826155e-07 -1.249637637362049e-03 -1.905503197110602e-03 0.000000000000000e+00 0.000000000000000e+00
2.490158725420672e+00 3.075603617328336e-05 -3.441782965409255e-06 -1.321995829661274e-03 -1.660518940024766e-03 0.000000000000000e+00 0.000000000000000e+00
2.500665724262110e+00 3.154959752875972e-05 -5.937791304693882e-06 -1.385853184477583e-03 -1.405488770489224e-03 0.000000000000000e+00 0.000000000000000e+00
2.511172723103547e+00 3.225630967821229e-05 -8.402115072997086e-06 -1.441501505644948e-03 -1.140967566431849e-03 0.000000000000000e+00 0.000000000000000e+00
2.521679721944984e+00 3.287613698729036e-05 -1.082349853713536e-05 -1.489289233185512e-03 -8.675262597064687e-04 0.000000000000000e+00 0.000000000000000e+00
2.532186720786422e+00 3.340937529498045e-05 -1.319118186722144e-05 -1.529617121469973e-03 -5.857497041198113e-04 0.000000000000000e+00 0.000000000000000e+00
2.542693719627859e+00 3.385664206051684e-05 -1.549495388940866e-05 -1.562933598330801e-03 -2.962345521900111e-04 0.000000000000000e+00 0.000000000000000e+00
2.553200718469297e+00 3.421886525290105e-05 -1.772520010821169e-05 -1.589729843803132e-03 4.128504523807233e-07 0.000000000000000e+00 0.000000000000000e+00
2.563707717310734e+00 3.449727105251792e-05 -1.987294574217416e-05 -1.610534628907875e-03 3.035785443963993e-04 0.000000000000000e+00 0.000000000000000e+00
2.574214716152172e+00 3.469337044426953e-05 -2.192989355543192e-05 -1.625908956304105e-03 6.126430011727568e-04 0.000000000000000e+00 0.000000000000000e+00
2.584721714993609e+00 3.480894478036884e-05 -2.388845630708090e-05 -1.636440545744274e-03 9.269831253840534e-04 0.000000000000000e+00 0.000000000000000e+00
2.595228713835047e+00 3.484603039935617e-05 -2.574178368314682e-05 -1.642738208044151e-03 1.245974206609757e-03 0.000000000000000e+00 0.000000000000000e+00
2.605735712676484e+00 3.480690238673472e-05 -2.748378361537982e-05 -1.645426151724528e-03 1.568991813877038e-03 0.000000000000000e+00 0.000000000000000e+00
2.616242711517921e+00 3.469405756869442e-05 -2.910913793566965e-05 -1.645138266604716e-03 1.895413625901077e-03 0.000000000000000e+00 0.000000000000000e+00
2.626749710359359e+00 3.451019683055641e-05 -3.061331235541250e-05 -1.642512428411109e-03 2.224621190767646e-03 0.000000000000000e+00 0.000000000000000e+00
2.637256709200796e+00 3.425820685420974e-05 -3.199256080145485e-05 -1.638184867923919e-03 2.556001609207556e-03 0.000000000000000e+00 0.000000000000000e+00
2.647763708042234e+00 3.394114137028303e-05 -3.324392418263771e-05 -1.632784647326656e-03 2.888949136112355e-03 0.000000000000000e+00 0.000000000000000e+00
2.658270706883671e+00 3.356220202112775e-05 -3.436522369927365e-05 -1.626928285237137e-03 3.222866695467455e-03 0.000000000000000e+00 0.000000000000000e+00
2.668777705725109e+00 3.312471893180150e-05 -3.535504884922150e-05 -1.621214570424510e-03 3.557167304408750e-03 0.000000000000000e+00 0.000000000000000e+00
2.679284704566546e+00 3.263213108588236e-05 -3.621274032071682e-05 -1.616219602437497e-03 3.891275402661970e-03 0.000000000000000e+00 0.000000000000000e+00
2.689791703407983e+00 3.208796660268078e-05 -3.693836799839940e-05 -1.612492095317397e-03 4.224628084182007e-03 0.000000000000000e+00 0.000000000000000e+00
2.700298702249421e+00 3.149582301154406e-05 -3.753270434366292e-05 -1.610548978259062e-03 4.556676228374722e-03 0.000000000000000e+00 0.000000000000000e+00
2.710805701090858e+00 3.085934761777433e-05 -3.799719343935905e-05 -1.610871324512306e-03 4.886885528859982e-03 0.000000000000000e+00 0.000000000000000e+00
2.721312699932296e+00 3.018221805287382e-05 -3.833391602360965e-05 -1.613900637063271e-03 5.214737418296110e-03 0.000000000000000e+00 0.000000000000000e+00
2.731819698773733e+00 2.946812309996397e-05 -3.854555085702525e-05 -1.620035516620119e-03 5.539729888370288e-03 0.000000000000000e+00 0.000000000000000e+00
2.742326697615171e+00 2.872074388265724e-05 -3.863533279663026e-05 -1.629628734294651e-03 5.861378204615574e-03 0.000000000000000e+00 0.000000000000000e+00
2.752833696456608e+00 2.794373550279753e-05 -3.860700796850238e-05 -1.642984728050765e-03 6.179215516278645e-03 0.000000000000000e+00 0.000000000000000e+00
2.763340695298046e+00 2.714070920980402e-05 -3.846478644576640e-05 -1.660357538534576e-03 6.492793362016142e-03 0.000000000000000e+00 0.000000000000000e+00
2.773847694139483e+00 2.631521517975506e-05 -3.821329286021387e-05 -1.681949196402136e-03 6.801682072723306e-03 0.000000000000000e+00 0.000000000000000e+00
2.784354692980920e+00 2.547072598036409e-05 -3.785751537437799e-05 -1.707908569576642e-03 7.105471073339443e-03 0.000000000000000e+00 0.000000000000000e+00
2.794861691822358e+00 2.461062079156656e-05 -3.740275346270256e-05 -1.738330675289122e-03 7.403769085957148e-03 0.000000000000000e+00 0.000000000000000e+00
2.805368690663795e+00 2.373817044934864e-05 -3.685456493902335e-05 -1.773256457987811e-03 7.696204237070817e-03 0.000000000000000e+00 0.000000000000000e+00
2.815875689505233e+00 2.285652337539622e-05 -3.621871268140500e-05 -1.812673030610785e-03 7.982424072241491e-03 0.000000000000000e+00 0.000000000000000e+00
2.826382688346670e+00 2.196869244639858e-05 -3.550111149034019e-05 -1.856514373016097e-03 8.262095481911255e-03 0.000000000000000e+00 0.000000000000000e+00
2.836889687188108e+00 2.107754286011952e-05 -3.470777551902293e-05 -1.904662477847268e-03 8.534904542499387e-03 0.000000000000000e+00 0.000000000000000e+00
2.847396686029545e+00 2.018578104128992e-05 -3.384476669736826e-05 -1.956948930599884e-03 8.800556277305934e-03 0.000000000000000e+00 0.000000000000000e+00
2.857903684870982e+00 1.929594463038801e-05 -3.291814456156153e-05 -2.013156907315727e-03 9.058774342096945e-03 0.000000000000000e+00 0.000000000000000e+00
2.868410683712420e+00 1.841039359105099e-05 -3.193391788310720e-05 -2.073023570110890e-03 9.309300640571855e-03 0.000000000000000e+00 0.000000000000000e+00
2.878917682553857e+00 1.753130246649617e-05 -3.089799847183751e-05 -2.136242837698951e-03 9.551894875200983e-03 0.000000000000000e+00 0.000000000000000e+00
2.889424681395295e+00 1.666065380962519e-05 -2.981615750481751e-05 -2.202468505214998e-03 9.786334039178909e-03 0.000000000000000e+00 0.000000000000000e+00
2.899931680236732e+00 1.580023280571893e-05 -2.869398470789877e-05 -2.271317685002909e-03 1.001241185545906e-02 0.000000000000000e+00 0.000000000000000e+00
2.910438679078170e+00 1.495162310083440e-05 -2.753685068903980e-05 -2.342374537617395e-03 1.022993816902033e-02 0.000000000000000e+00 0.000000000000000e+00
2.920945677919607e+00 1.411620384320722e-05 -2.634987269265827e-05 -2.415194260130213e-03 1.043873829866460e-02 0.000000000000000e+00 0.000000000000000e+00
2.931452676761044e+00 1.329514793917145e-05 -2.513788401244943e-05 -2.489307296934706e-03 1.063865235475481e-02 0.000000000000000e+00 0.000000000000000e+00
2.941959675602482e+00 1.248942151935648e-05 -2.390540726656007e-05 -2.564223736626675e-03 1.082953452937743e-02 0.000000000000000e+00 0.000000000000000e+00
2.952466674443919e+00 1.169978460541453e-05 -2.265663170417007e-05 -2.639437857216172e-03 1.101125236544781e-02 0.000000000000000e+00 0.000000000000000e+00
2.962973673285357e+00 1.092679296059146e-05 -2.139539467542657e-05 -2.714432780894176e-03 1.118368601127919e-02 0.000000000000000e+00 0.000000000000000e+00
2.973480672126794e+00 1.017080110616630e-05 -2.012516736202400e-05 -2.788685198878608e-03 1.134672746709123e-02 0.000000000000000e+00 0.000000000000000e+00
2.983987670968232e+00 9.431966472814282e-06 -1.884904482581788e-05 -2.861670126455834e-03 1.150027982986199e-02 0.000000000000000e+00 0.000000000000000e+00
2.994494669809669e+00 8.710254659555321e-06 -1.756974039380755e-05 -2.932865648209973e-03 1.164425654282392e-02 -0.000000000000000e+00 0.000000000000000e+00
3.005001668651107e+00 8.005445760752639e-06 -1.628958436619919e-05 -3.001757613752279e-03 1.177858065573533e-02 -0.000000000000000e+00 0.000000000000000e+00
3.015508667492544e+00 7.317141721243023e-06 -1.501052698850272e-05 -3.067844244697139e-03 1.190318410190439e-02 -0.000000000000000e+00 0.000000000000000e+00
3.026015666333981e+00 6.644774672688173e-06 -1.373414559804278e-05 -3.130640614562002e-03 1.201800699770801e-02 -0.000000000000000e+00 0.000000000000000e+00
3.036522665175419e+00 5.987616200803702e-06 -1.246165581640197e-05 -3.189682964383505e-03 1.212299697011193e-02 -0.000000000000000e+00 0.000000000000000e+00
3.047029664016856e+00 5.344787488676708e-06 -1.119392662542305e-05 -3.244532818297121e-03 1.221810851741736e-02 -0.000000000000000e+00 0.000000000000000e+00
3.057536662858294e+00 4.715270277500991e-06 -9.931499131086455e-06 -3.294780865050639e-03 1.230330240815540e-02 -0.000000000000000e+00 0.000000000000000e+00
3.068043661699731e+00 4.097918582412395e-06 -8.674608788112633e-06 -3.340050573413795e-03 1.237854512271789e-02 -0.000000000000000e+00 0.000000000000000e+00
3.078550660541169e+00 3.491471097757893e-06 -7.423210828700235e-06 -3.380001511687668e-03 1.244380834195418e-02 -0.000000000000000e+00 0.000000000000000e+00
3.089057659382606e+00 2.894564223082722e-06 -6.177008611545837e-06 -3.414332343992188e-03 1.249906848658451e-02 -0.000000000000000e+00 0.000000000000000e+00
3.099564658224043e+00 2.305745638242591e-06 -4.935484582753042e-06 -3.442783478706210e-03 1.254430631087475e-02 -0.000000000000000e+00 0.000000000000000e+00
3.110071657065481e+00 1.723488354233531e-06 -3.697933517628682e-06 -3.465139347297084e-03 1.257950655360310e-02 -0.000000000000000e+00 0.000000000000000e+00
3.120578655906918e+00 1.146205162732608e-06 -2.463497693503516e-06 -3.481230294846346e-03 1.260465764890607e-02 -0.000000000000000e+00 0.000000000000000e+00
3.131085654748356e+00 5.722634078433961e-07 -1.231203627603938e-06 -3.490934066775902e-03 1.261975149913925e-02 -0.000000000000000e+00 0.000000000000000e+00
3.141592653589793e+00 0.000000000000000e+00 0.000000000000000e+00 -3.494176879578339e-03 1.262478331143207e-02 -0.000000000000000e+00 0.000000000000000e+00
