frequency = 1498962292.904734 Hz; phi = 0 rad
theta(rad) Re(E_r) Im(E_r) Re(E_theta) Im(E_theta) Re(E_phi) Im(E_phi)
0.000000000000000e+00 0.000000000000000e+00 0.000000000000000e+00 -9.112312187816456e-02 -2.255420366511496e-01 0.000000000000000e+00 0.000000000000000e+00
1.050699884143744e-02 3.507879829091663e-04 -1.500622977341688e-04 -9.063422037018105e-02 -2.245000490340488e-01 0.000000000000000e+00 0.000000000000000e+00
2.101399768287487e-02 6.950466872293013e-04 -2.965110759976903e-04 -8.917896441911143e-02 -2.213934466386621e-01 0.000000000000000e+00 0.000000000000000e+00
3.152099652431230e-02 1.026405482724216e-03 -4.358361955773155e-04 -8.679137574092806e-02 -2.162798379525042e-01 0.000000000000000e+00 0.000000000000000e+00
4.202799536574974e-02 1.338806623302915e-03 -5.647310955237969e-04 -8.352708712795634e-02 -2.092536741008754e-01 0.000000000000000e+00 0.000000000000000e+00
5.253499420718718e-02 1.626650790321746e-03 -6.801867291126219e-04 -7.946177181868620e-02 -2.004439502804835e-01 0.000000000000000e+00 0.000000000000000e+00
6.304199304862461e-02 1.884929924538052e-03 -7.795763594776036e-04 -7.468901241725572e-02 -1.900110782644577e-01 0.000000000000000e+00 0.000000000000000e+00
7.354899189006205e-02 2.109343709138980e-03 -8.607286305222891e-04 -6.931767453759342e-02 -1.781430171853585e-01 0.000000000000000e+00 0.000000000000000e+00
8.405599073149948e-02 2.296396555712545e-03 -9.219867052173184e-04 -6.346886531448460e-02 -1.650507701343310e-01 0.000000000000000e+00 0.000000000000000e+00
9.456298957293692e-02 2.443472527263444e-03 -9.622517100552888e-04 -5.727256932040273e-02 -1.509633712086142e-01 0.000000000000000e+00 0.000000000000000e+00
1.050699884143744e-01 2.548886289034402e-03 -9.810092264654405e-04 -5.086406385890336e-02 -1.361225009927333e-01 0.000000000000000e+00 0.000000000000000e+00
1.155769872558118e-01 2.611908888473750e-03 -9.783381107934923e-04 -4.438022177899957e-02 -1.207768776855094e-01 0.000000000000000e+00 0.000000000000000e+00
1.260839860972492e-01 2.632767907867489e-03 -9.549014862247802e-04 -3.795581268859879e-02 -1.051765759283170e-01 0.000000000000000e+00 0.000000000000000e+00
1.365909849386867e-01 2.612622283907081e-03 -9.119203142392080e-04 -3.171991266044128e-02 -8.956742573362179e-02 0.000000000000000e+00 0.000000000000000e+00
1.470979837801241e-01 2.553512824457573e-03 -8.511305014069154e-04 -2.579252827101069e-02 -7.418563977739638e-02 0.000000000000000e+00 0.000000000000000e+00
1.576049826215615e-01 2.458290151366698e-03 -7.747250115671441e-04 -2.028153324342558e-02 -5.925280886802325e-02 0.000000000000000e+00 0.000000000000000e+00
1.681119814629990e-01 2.330522437956066e-03 -6.852829170798987e-04 -1.528000534970454e-02 -4.497139293162054e-02 0.000000000000000e+00 0.000000000000000e+00
1.786189803044364e-01 2.174385871520165e-03 -5.856877208636837e-04 -1.086403792624988e-02 -3.152081877863106e-02 0.000000000000000e+00 0.000000000000000e+00
1.891259791458738e-01 1.994541237958935e-03 -4.790376007019357e-04 -7.091084822357969e-03 -1.905427676578131e-02 0.000000000000000e+00 0.000000000000000e+00
1.996329779873113e-01 1.796000384026449e-03 -3.685504587582526e-04 -3.998880354085617e-03 -7.696286859989723e-03 -0.000000000000000e+00 0.000000000000000e+00
2.101399768287487e-01 1.583986552519390e-03 -2.574667953760487e-04 -1.604957449814400e-03 2.458918763938543e-03 -0.000000000000000e+00 0.000000000000000e+00
2.206469756701862e-01 1.363792700892482e-03 -1.489534632412283e-04 9.323174382167904e-05 1.134817386418201e-02 -0.000000000000000e+00 0.000000000000000e+00
2.311539745116236e-01 1.140641902081131e-03 -4.601129539262674e-05 1.117607356329186e-03 1.893931895510330e-02 0.000000000000000e+00 -0.000000000000000e+00
2.416609733530610e-01 9.195537896692164e-04 4.861055880291220e-05 1.508198077604853e-03 2.523033093348592e-02 0.000000000000000e+00 -0.000000000000000e+00
2.521679721944984e-01 7.052207537997047e-04 1.324910055858985e-04 1.321371766754730e-03 3.024769057393472e-02 0.000000000000000e+00 -0.000000000000000e+00
2.626749710359359e-01 5.018972289974537e-04 2.036018341761621e-04 6.276249459760734e-04 3.404405798468001e-02 0.000000000000000e+00 -0.000000000000000e+00
2.731819698773733e-01 3.133049533342328e-04 2.603591485973618e-04 -4.909915238298290e-04 3.669534460078924e-02 0.000000000000000e+00 -0.000000000000000e+00
2.836889687188108e-01 1.425565360784955e-04 3.016600103547945e-04 -1.943723231251425e-03 3.829728570802426e-02 0.000000000000000e+00 -0.000000000000000e+00
2.941959675602482e-01 -7.900933611356751e-06 3.269033958887010e-04 -3.634145029076440e-03 3.896162941217891e-02 0.000000000000000e+00 -0.000000000000000e+00
3.047029664016856e-01 -1.363211511660869e-04 3.359950934075918e-04 -5.463277523750495e-03 3.881206608781807e-02 0.000000000000000e+00 -0.000000000000000e+00
3.152099652431231e-01 -2.416723162829130e-04 3.293366899504643e-04 -7.332688227105985e-03 3.798002647496362e-02 0.000000000000000e+00 -0.000000000000000e+00
3.257169640845605e-01 -3.236295571695530e-04 3.077993137032279e-04 -9.147480927258936e-03 3.660047669047672e-02 0.000000000000000e+00 0.000000000000000e+00
3.362239629259979e-01 -3.825469543389757e-04 2.726832816392625e-04 -1.081908250188937e-02 3.480783456074594e-02 0.000000000000000e+00 0.000000000000000e+00
3.467309617674353e-01 -4.194106627106527e-04 2.256652425584268e-04 -1.226774492689875e-02 3.273212406721842e-02 0.000000000000000e+00 0.000000000000000e+00
3.572379606088728e-01 -4.357751740999841e-04 1.687347863315922e-04 -1.342469129700392e-02 3.049547364721647e-02 0.000000000000000e+00 0.000000000000000e+00
3.677449594503102e-01 -4.336852288718166e-04 1.041227995422136e-04 -1.423384786445258e-02 2.820905003455531e-02 0.000000000000000e+00 0.000000000000000e+00
3.782519582917477e-01 -4.155862620571982e-04 3.422407624222075e-05 -1.465311894039584e-02 2.597050277289627e-02 0.000000000000000e+00 0.000000000000000e+00
3.887589571331851e-01 -3.842265452482156e-04 -3.848316648710645e-05 -1.465517746666031e-02 2.386197607493194e-02 0.000000000000000e+00 0.000000000000000e+00
3.992659559746226e-01 -3.425543542596029e-04 -1.115181686356036e-04 -1.422776059645191e-02 2.194872496918476e-02 0.000000000000000e+00 0.000000000000000e+00
4.097729548160600e-01 -2.936135506163768e-04 -1.824762452592520e-04 -1.337347615415508e-02 2.027835233825690e-02 0.000000000000000e+00 0.000000000000000e+00
4.202799536574974e-01 -2.404409128820350e-04 -2.491026152755083e-04 -1.210914181696052e-02 1.888066317943476e-02 0.000000000000000e+00 0.000000000000000e+00
4.307869524989348e-01 -1.859683957517192e-04 -3.093591278390244e-04 -1.046469374286889e-02 1.776811286586473e-02 0.000000000000000e+00 0.000000000000000e+00
4.412939513403723e-01 -1.329332382258292e-04 -3.614818616483865e-04 -8.481714673512246e-03 1.693680797228969e-02 0.000000000000000e+00 0.000000000000000e+00
4.518009501818097e-01 -8.379849766409125e-05 -4.040279248139060e-04 -6.211642841899021e-03 1.636800191359789e-02 0.000000000000000e+00 0.000000000000000e+00
4.623079490232472e-01 -4.068616744245570e-05 -4.359101858803246e-04 -3.713731964602000e-03 1.603001371309915e-02 0.000000000000000e+00 0.000000000000000e+00
4.728149478646846e-01 -5.324557873558986e-06 -4.564191055617796e-04 -1.052838932775299e-03 1.588048706587449e-02 0.000000000000000e+00 0.000000000000000e+00
4.833219467061221e-01 2.098889981625118e-05 -4.652312980393288e-04 1.702880630848634e-03 1.586889878483905e-02 0.000000000000000e+00 0.000000000000000e+00
4.938289455475595e-01 3.740881003905006e-05 -4.624049140318180e-04 4.484288079617334e-03 1.593922089826401e-02 0.000000000000000e+00 0.000000000000000e+00
5.043359443889969e-01 4.354686174929060e-05 -4.483623891249313e-04 7.223509961691692e-03 1.603263917861368e-02 0.000000000000000e+00 0.000000000000000e+00
5.148429432304343e-01 3.946123617302120e-05 -4.238615244956588e-04 9.856044799309502e-03 1.609023268146693e-02 0.000000000000000e+00 0.000000000000000e+00
5.253499420718718e-01 2.563134330871570e-05 -3.899562487893731e-04 1.232266174566304e-02 1.605552380783624e-02 0.000000000000000e+00 -0.000000000000000e+00
5.358569409133092e-01 2.919313284870800e-06 -3.479487368186775e-04 1.457103386226177e-02 1.587681621871955e-02 -0.000000000000000e+00 0.000000000000000e+00
5.463639397547466e-01 -2.747993670786688e-05 -2.993348222604495e-04 1.655705996601468e-02 1.550924828109728e-02 -0.000000000000000e+00 0.000000000000000e+00
5.568709385961841e-01 -6.409791787595967e-05 -2.457448294888027e-04 1.824584154781823e-02 1.491650218549882e-02 -0.000000000000000e+00 0.000000000000000e+00
5.673779374376215e-01 -1.052586866245123e-04 -1.888820585655498e-04 1.961229468733603e-02 1.407212296109193e-02 -0.000000000000000e+00 0.000000000000000e+00
5.778849362790589e-01 -1.491493309335703e-04 -1.304611846164375e-04 2.064139068319814e-02 1.296041679539742e-02 -0.000000000000000e+00 0.000000000000000e+00
5.883919351204964e-01 -1.938922349390214e-04 -7.214877866285705e-05 2.132803277953862e-02 1.157691378859288e-02 -0.000000000000000e+00 0.000000000000000e+00
5.988989339619338e-01 -2.376165614427349e-04 -1.550802466295411e-05 2.167658940736059e-02 9.928395978212313e-03 -0.000000000000000e+00 0.000000000000000e+00
6.094059328033713e-01 -2.785265103601112e-04 3.805049698887546e-05 2.170011631124631e-02 8.032506615498416e-03 -0.000000000000000e+00 0.000000000000000e+00
6.199129316448087e-01 -3.149641100920766e-04 8.731035747562051e-05 2.141931038380283e-02 5.916970749484885e-03 -0.000000000000000e+00 0.000000000000000e+00
6.304199304862461e-01 -3.454645693656603e-04 1.312818783398486e-04 2.086124662807572e-02 3.618469719540795e-03 -0.000000000000000e+00 0.000000000000000e+00
6.409269293276836e-01 -3.688025477564424e-04 1.692248621717627e-04 2.005795613094606e-02 1.181222778052098e-03 -0.000000000000000e+00 0.000000000000000e+00
6.514339281691210e-01 -3.840280807008613e-04 2.006609251078888e-04 1.904490705978185e-02 -1.344662554246658e-03 -0.000000000000000e+00 0.000000000000000e+00
6.619409270105584e-01 -3.904913046269618e-04 2.253753020646007e-04 1.785945237992828e-02 -3.905003884563945e-03 -0.000000000000000e+00 0.000000000000000e+00
6.724479258519959e-01 -3.878555545826208e-04 2.434083941083775e-04 1.653930721363935e-02 -6.443450270093110e-03 -0.000000000000000e+00 0.000000000000000e+00
6.829549246934333e-01 -3.760988347669530e-04 2.550377086863368e-04 1.512111559417773e-02 -8.903409970931806e-03 -0.000000000000000e+00 0.000000000000000e+00
6.934619235348707e-01 -3.555040763554287e-04 2.607511937774392e-04 1.363916097235942e-02 -1.122993005388577e-02 -0.000000000000000e+00 0.000000000000000e+00
7.039689223763081e-01 -3.266389826279385e-04 2.612132739014161e-04 1.212426744765883e-02 -1.337146261812946e-02 -0.000000000000000e+00 0.000000000000000e+00
7.144759212177456e-01 -2.903266055201728e-04 2.572251484682049e-04 1.060292963434809e-02 -1.528145896783703e-02 -0.000000000000000e+00 0.000000000000000e+00
7.249829200591831e-01 -2.476080891611731e-04 2.496811025001676e-04 9.096698706036787e-03 -1.691974150884118e-02 -0.000000000000000e+00 0.000000000000000e+00
7.354899189006204e-01 -1.996992456498582e-04 2.395226999839023e-04 7.621840905190967e-03 -1.825361312921018e-02 -0.000000000000000e+00 0.000000000000000e+00
7.459969177420579e-01 -1.479427896514621e-04 2.276927773015319e-04 6.189273102731758e-03 -1.925867492445061e-02 -0.000000000000000e+00 0.000000000000000e+00
7.565039165834954e-01 -9.375814746592062e-05 2.150911274096567e-04 4.804768303245515e-03 -1.991933490423562e-02 -0.000000000000000e+00 0.000000000000000e+00
7.670109154249328e-01 -3.859077175770654e-05 2.025336664101951e-04 3.469412766496674e-03 -2.022900231275582e-02 -0.000000000000000e+00 0.000000000000000e+00
7.775179142663702e-01 1.613716327310207e-05 1.907167073611396e-04 2.180286085942696e-03 -2.018997395730251e-02 -0.000000000000000e+00 0.000000000000000e+00
7.880249131078076e-01 6.907293575758480e-05 1.801877384978583e-04 9.313265233097003e-04 -1.981303003780600e-02 0.000000000000000e+00 0.000000000000000e+00
7.985319119492451e-01 1.189747540888913e-04 1.713238236110802e-04 -2.856635136993125e-04 -1.911676700845145e-02 0.000000000000000e+00 0.000000000000000e+00
8.090389107906826e-01 1.647472121064670e-04 1.643184221490103e-04 -1.479922468805795e-03 -1.812670363581653e-02 0.000000000000000e+00 0.000000000000000e+00
8.195459096321199e-01 2.054696750702297e-04 1.591770781208209e-04 -2.660599123829090e-03 -1.687420336270187e-02 0.000000000000000e+00 0.000000000000000e+00
8.300529084735574e-01 2.404168607260971e-04 1.557220635029987e-04 -3.835641754193380e-03 -1.539526113056420e-02 0.000000000000000e+00 0.000000000000000e+00
8.405599073149949e-01 2.690712083124992e-04 1.536056975103322e-04 -5.010761031879231e-03 -1.372920582153561e-02 0.000000000000000e+00 0.000000000000000e+00
8.510669061564322e-01 2.911269616491729e-04 1.523317116711299e-04 -6.188517439039440e-03 -1.191737039977213e-02 0.000000000000000e+00 0.000000000000000e+00
8.615739049978697e-01 3.064862175916499e-04 1.512837054958215e-04 -7.367578560815401e-03 -1.000178068924037e-02 0.000000000000000e+00 0.000000000000000e+00
8.720809038393071e-01 3.152474957998384e-04 1.497594509609818e-04 -8.542184367515995e-03 -8.023910627639481e-03 0.000000000000000e+00 0.000000000000000e+00
8.825879026807446e-01 3.176876587010628e-04 1.470095668838575e-04 -9.701849760115552e-03 -6.023546963767575e-03 0.000000000000000e+00 0.000000000000000e+00
8.930949015221820e-01 3.142382419216136e-04 1.422789054891802e-04 -1.083132358542630e-02 -4.037799962862573e-03 0.000000000000000e+00 0.000000000000000e+00
9.036019003636194e-01 3.054574373208734e-04 1.348488798204691e-04 -1.191081242179234e-02 -2.100289050037648e-03 0.000000000000000e+00 0.000000000000000e+00
9.141088992050569e-01 2.919990971752300e-04 1.240789164146513e-04 -1.291646611868382e-02 -2.405237961854858e-04 0.000000000000000e+00 0.000000000000000e+00
9.246158980464944e-01 2.745801953821826e-04 1.094452445449404e-04 -1.382111078646854e-02 1.516508398222865e-03 0.000000000000000e+00 0.000000000000000e+00
9.351228968879317e-01 2.539481885288925e-04 9.057533034379677e-05 -1.459520411827357e-02 3.150545757615079e-03 0.000000000000000e+00 0.000000000000000e+00
9.456298957293692e-01 2.308496674129843e-04 6.727642766725958e-05 -1.520797800972431e-02 4.646053515650867e-03 0.000000000000000e+00 0.000000000000000e+00
9.561368945708066e-01 2.060015815543548e-04 3.955694153131911e-05 -1.562872481754993e-02 5.992038379037161e-03 0.000000000000000e+00 0.000000000000000e+00
9.666438934122441e-01 1.800661609678711e-04 7.639575982997584e-06 -1.582817661012519e-02 7.181698650610544e-03 0.000000000000000e+00 0.000000000000000e+00
9.771508922536815e-01 1.536304584500642e-04 -2.803444397332487e-05 -1.577992169717202e-02 8.211938807059754e-03 0.000000000000000e+00 0.000000000000000e+00
9.876578910951189e-01 1.271912009182876e-04 -6.681043920310731e-05 -1.546179979596398e-02 9.082782095305424e-03 0.000000000000000e+00 0.000000000000000e+00
9.981648899365564e-01 1.011453801830994e-04 -1.078346305041781e-04 -1.485721653185693e-02 9.796717863756426e-03 0.000000000000000e+00 0.000000000000000e+00
1.008671888777994e+00 7.578674298285258e-05 -1.500774110328686e-04 -1.395631963129564e-02 1.035802177984836e-02 0.000000000000000e+00 0.000000000000000e+00
1.019178887619431e+00 5.130806854539037e-05 -1.923648117038906e-04 -1.275698310818925e-02 1.077208677461690e-02 0.000000000000000e+00 0.000000000000000e+00
1.029685886460869e+00 2.780886067039586e-05 -2.334171020561021e-04 -1.126555184580621e-02 1.104480054270838e-02 0.000000000000000e+00 -0.000000000000000e+00
1.040192885302306e+00 5.307841064435865e-06 -2.718931739963278e-04 -9.497307030684266e-03 1.118200182540472e-02 0.000000000000000e+00 -0.000000000000000e+00
1.050699884143744e+00 -1.624057880205779e-05 -3.064391091858074e-04 -7.476622621701686e-03 1.118904269364285e-02 0.000000000000000e+00 -0.000000000000000e+00
1.061206882985181e+00 -3.692684029552804e-05 -3.357391422171779e-04 -5.236794091023078e-03 1.107047786269580e-02 0.000000000000000e+00 -0.000000000000000e+00
1.071713881826618e+00 -5.686491193200339e-05 -3.585671086693700e-04 -2.819532655926070e-03 1.082989499250874e-02 0.000000000000000e+00 -0.000000000000000e+00
1.082220880668056e+00 -7.617028612722085e-05 -3.738364147549547e-04 -2.741306950715628e-04 1.046989227518500e-02 0.000000000000000e+00 -0.000000000000000e+00
1.092727879509493e+00 -9.493850904532033e-05 -3.806465861417463e-04 2.343683449355536e-03 9.992201723554788e-03 0.000000000000000e+00 -0.000000000000000e+00
1.103234878350931e+00 -1.132254200957685e-04 -3.783245475014342e-04 4.973171006006232e-03 9.397948800271123e-03 0.000000000000000e+00 -0.000000000000000e+00
1.113741877192368e+00 -1.310301911379587e-04 -3.664589485869690e-04 7.550247176637889e-03 8.688031707680892e-03 0.000000000000000e+00 -0.000000000000000e+00
1.124248876033806e+00 -1.482821204270626e-04 -3.449260817344634e-04 1.000933305809131e-02 7.863597117426530e-03 0.000000000000000e+00 -0.000000000000000e+00
1.134755874875243e+00 -1.648319585600660e-04 -3.139062217787378e-04 1.228533554978144e-02 6.926583645064897e-03 0.000000000000000e+00 -0.000000000000000e+00
1.145262873716681e+00 -1.804483307152667e-04 -2.738895524701328e-04 1.431568954479031e-02 5.880300214100734e-03 0.000000000000000e+00 -0.000000000000000e+00
1.155769872558118e+00 -1.948195802761926e-04 -2.256712118092103e-04 1.604239280755603e-02 4.730003796493921e-03 0.000000000000000e+00 -0.000000000000000e+00
1.166276871399555e+00 -2.075611035973806e-04 -1.703353791090818e-04 1.741396249342668e-02 3.483439990932854e-03 0.000000000000000e+00 -0.000000000000000e+00
1.176783870240993e+00 -2.182279848879470e-04 -1.092287250120280e-04 1.838724335243483e-02 2.151310566808339e-03 0.000000000000000e+00 -0.000000000000000e+00
1.187290869082430e+00 -2.263324850023799e-04 -4.392393765896197e-05 1.892900127862678e-02 7.476344506429613e-04 0.000000000000000e+00 -0.000000000000000e+00
1.197797867923868e+00 -2.313656990917059e-04 2.382559057606492e-05 1.901724192241644e-02 -7.100274170903951e-04 0.000000000000000e+00 -0.000000000000000e+00
1.208304866765305e+00 -2.328224858230852e-04 9.213849462434164e-05 1.864220239346153e-02 -2.200507521514382e-03 0.000000000000000e+00 -0.000000000000000e+00
1.218811865606743e+00 -2.302285943265017e-04 1.590638756070843e-04 1.780697437897240e-02 -3.699145025441032e-03 0.000000000000000e+00 -0.000000000000000e+00
1.229318864448180e+00 -2.231687820057124e-04 2.226435043252781e-04 1.652772894674567e-02 -5.178086718516597e-03 -0.000000000000000e+00 0.000000000000000e+00
1.239825863289617e+00 -2.113146328856518e-04 2.809756816719141e-04 1.483352649041102e-02 -6.606777241788315e-03 -0.000000000000000e+00 0.000000000000000e+00
1.250332862131055e+00 -1.944507563976356e-04 3.322785568201354e-04 1.276570925465474e-02 -7.952631524665920e-03 0.000000000000000e+00 0.000000000000000e+00
1.260839860972492e+00 -1.724980724079270e-04 3.749506900587481e-04 1.037688816579512e-02 -9.181873751899994e-03 0.000000000000000e+00 0.000000000000000e+00
1.271346859813930e+00 -1.455329696474554e-04 4.076267119007701e-04 7.729549787366800e-03 -1.026051894270538e-02 0.000000000000000e+00 0.000000000000000e+00
1.281853858655367e+00 -1.138012590361543e-04 4.292260720215904e-04 4.894322622339717e-03 -1.115546572441940e-02 0.000000000000000e+00 0.000000000000000e+00
1.292360857496805e+00 -7.772602613127086e-05 4.389930863548311e-04 1.947954213897379e-03 -1.183566244680901e-02 0.000000000000000e+00 0.000000000000000e+00
1.302867856338242e+00 -3.790871145048865e-05 4.365267713126802e-04 -1.028938887582396e-03 -1.227330370103492e-02 0.000000000000000e+00 0.000000000000000e+00
1.313374855179679e+00 4.876994563639194e-06 4.217992912219190e-04 -3.954277612470614e-03 -1.244501082050074e-02 0.000000000000000e+00 0.000000000000000e+00
1.323881854021117e+00 4.969857345638281e-05 3.951622272186740e-04 -6.747006352560593e-03 -1.233294823152669e-02 0.000000000000000e+00 0.000000000000000e+00
1.334388852862554e+00 9.548525444269800e-05 3.573402898592640e-04 -9.329577760837713e-03 -1.192582770470140e-02 0.000000000000000e+00 0.000000000000000e+00
1.344895851703992e+00 1.410552847266059e-04 3.094125292107139e-04 -1.163035471374198e-02 -1.121975467509462e-02 0.000000000000000e+00 0.000000000000000e+00
1.355402850545429e+00 1.851491495845323e-04 2.527815300618791e-04 -1.358584958622013e-02 -1.021887481821911e-02 0.000000000000000e+00 0.000000000000000e+00
1.365909849386867e+00 2.264677333447283e-04 1.891315008493716e-04 -1.514272555175683e-02 -8.935784880418657e-03 0.000000000000000e+00 0.000000000000000e+00
1.376416848228304e+00 2.637141809556419e-04 1.203765579640471e-04 -1.625949180394161e-02 -7.391679187383632e-03 0.000000000000000e+00 0.000000000000000e+00
1.386923847069741e+00 2.956380306220813e-04 4.860085824152204e-05 -1.690783417862461e-02 -5.616212046208579e-03 0.000000000000000e+00 0.000000000000000e+00
1.397430845911179e+00 3.210800492332265e-04 -2.400747106205492e-05 -1.707353432557549e-02 -3.647066111477342e-03 0.000000000000000e+00 0.000000000000000e+00
1.407937844752616e+00 3.390161203849182e-04 -9.522642444097354e-05 -1.675694395067000e-02 -1.529227353027534e-03 0.000000000000000e+00 0.000000000000000e+00
1.418444843594054e+00 3.485985140530307e-04 -1.628718950830588e-04 -1.597299527586152e-02 6.860218420544978e-04 0.000000000000000e+00 0.000000000000000e+00
1.428951842435491e+00 3.491929094408355e-04 -2.248687222642181e-04 -1.475074425011816e-02 2.942369083490774e-03 0.000000000000000e+00 0.000000000000000e+00
1.439458841276929e+00 3.404096478921620e-04 -2.793186012476906e-04 -1.313245866539754e-02 5.179965228745025e-03 0.000000000000000e+00 0.000000000000000e+00
1.449965840118366e+00 3.221278583229261e-04 -3.245625377562452e-04 -1.117227865131254e-02 7.337102349911690e-03 0.000000000000000e+00 0.000000000000000e+00
1.460472838959804e+00 2.945113183538774e-04 -3.592357001262334e-04 -8.934491511036985e-03 9.352026116100717e-03 0.000000000000000e+00 0.000000000000000e+00
1.470979837801241e+00 2.580151830481882e-04 -3.823127688332455e-04 -6.491476015396761e-03 1.116482570812138e-02 0.000000000000000e+00 0.000000000000000e+00
1.481486836642678e+00 2.133830207771874e-04 -3.931421970311701e-04 -3.921382631373709e-03 1.271933967813861e-02 0.000000000000000e+00 -0.000000000000000e+00
1.491993835484116e+00 1.616339315647562e-04 -3.914681664807766e-04 -1.305625324500704e-03 1.396501355876669e-02 0.000000000000000e+00 -0.000000000000000e+00
1.502500834325553e+00 1.040398753949736e-04 -3.774394381287241e-04 1.273732785074715e-03 1.485864465805554e-02 0.000000000000000e+00 -0.000000000000000e+00
1.513007833166991e+00 4.209369369077528e-05 -3.516047413779826e-04 3.736613757310392e-03 1.536595141353184e-02 0.000000000000000e+00 -0.000000000000000e+00
1.523514832008428e+00 -2.253134651031817e-05 -3.148948054032808e-04 6.007492037108694e-03 1.546290890090869e-02 0.000000000000000e+00 -0.000000000000000e+00
1.534021830849866e+00 -8.802933216084011e-05 -2.685915937502299e-04 8.017809401189060e-03 1.513679849887347e-02 0.000000000000000e+00 -0.000000000000000e+00
1.544528829691303e+00 -1.525153646399422e-04 -2.142857439364232e-04 9.708157413063209e-03 1.438692811637009e-02 0.000000000000000e+00 -0.000000000000000e+00
1.555035828532740e+00 -2.140834143462132e-04 -1.538236214349246e-04 1.103015479127398e-02 1.322498953351204e-02 0.000000000000000e+00 -0.000000000000000e+00
1.565542827374178e+00 -2.708664944848633e-04 -8.924575788425399e-05 1.194795722806646e-02 1.167503096448986e-02 0.000000000000000e+00 -0.000000000000000e+00
1.576049826215615e+00 -3.210971539581773e-04 -2.271874391534428e-05 1.243934948057205e-02 9.773035537132477e-03 0.000000000000000e+00 -0.000000000000000e+00
1.586556825057053e+00 -3.631662329263859e-04 4.353712309347140e-05 1.249638357902895e-02 7.566109572259790e-03 0.000000000000000e+00 -0.000000000000000e+00
1.597063823898490e+00 -3.956778402460983e-04 1.073219849907087e-04 1.212554227941365e-02 5.111297881136919e-03 0.000000000000000e+00 -0.000000000000000e+00
1.607570822739928e+00 -4.174986002098041e-04 1.665298445759337e-04 1.134742290863310e-02 2.474056313413652e-03 0.000000000000000e+00 -0.000000000000000e+00
1.618077821581365e+00 -4.277993748312598e-04 2.192187654376059e-04 1.019595295974513e-02 -2.735759828875913e-04 0.000000000000000e+00 -0.000000000000000e+00
1.628584820422802e+00 -4.260878928016246e-04 2.636754591317855e-04 8.717164635025677e-03 -3.055051126458898e-03 0.000000000000000e+00 -0.000000000000000e+00
1.639091819264240e+00 -4.122310001601917e-04 2.984720587966565e-04 6.967570459901470e-03 -5.791571062342817e-03 0.000000000000000e+00 -0.000000000000000e+00
1.649598818105677e+00 -3.864655815039720e-04 3.225131447564398e-04 5.012195585265468e-03 -8.404459905779163e-03 0.000000000000000e+00 -0.000000000000000e+00
1.660105816947115e+00 -3.493975730916437e-04 3.350714215846736e-04 2.922333992481602e-03 -1.081757475660792e-02 0.000000000000000e+00 -0.000000000000000e+00
1.670612815788552e+00 -3.019888878639150e-04 3.358108359507363e-04 7.731051123946338e-04 -1.295967705663377e-02 0.000000000000000e+00 -0.000000000000000e+00
1.681119814629990e+00 -2.455324834765389e-04 3.247963568575620e-04 -1.359105955801714e-03 -1.476668656544327e-02 0.000000000000000e+00 -0.000000000000000e+00
1.691626813471427e+00 -1.816162136347033e-04 3.024900995614603e-04 -3.399237620109483e-03 -1.618374268829692e-02 0.000000000000000e+00 -0.000000000000000e+00
1.702133812312864e+00 -1.120764958968788e-04 2.697339455252699e-04 -5.276082527817821e-03 -1.716700314803461e-02 0.000000000000000e+00 -0.000000000000000e+00
1.712640811154302e+00 -3.894319168402615e-05 2.277192767463578e-04 -6.924674201298302e-03 -1.768511770516811e-02 0.000000000000000e+00 0.000000000000000e+00
1.723147809995739e+00 3.562258660459692e-05 1.779448874234789e-04 -8.288449051298668e-03 -1.772032456268518e-02 0.000000000000000e+00 0.000000000000000e+00
1.733654808837177e+00 1.093957623719907e-04 1.221645435958856e-04 -9.321111131404483e-03 -1.726912893082812e-02 0.000000000000000e+00 0.000000000000000e+00
1.744161807678614e+00 1.801574973952353e-04 6.232601783151532e-05 -9.988137376394882e-03 -1.634253658842799e-02 0.000000000000000e+00 0.000000000000000e+00
1.754668806520052e+00 2.457660056105510e-04 5.037187303619472e-07 -1.026787357376311e-02 -1.496582972056496e-02 0.000000000000000e+00 0.000000000000000e+00
1.765175805361489e+00 3.042256249292900e-04 -6.117274632121985e-05 -1.015218551633046e-02 -1.317788735434794e-02 0.000000000000000e+00 0.000000000000000e+00
1.775682804202927e+00 3.537518256828739e-04 -1.205915997435103e-04 -9.646645179942856e-03 -1.103006784680220e-02 0.000000000000000e+00 0.000000000000000e+00
1.786189803044364e+00 3.928299461885860e-04 -1.757309878439215e-04 -8.770247827366188e-03 -8.584685584411646e-03 0.000000000000000e+00 0.000000000000000e+00
1.796696801885801e+00 4.202656348580993e-04 -2.247276523379651e-04 -7.554672098493082e-03 -5.913127825755824e-03 0.000000000000000e+00 0.000000000000000e+00
1.807203800727239e+00 4.352252384181324e-04 -2.659398159857858e-04 -6.043110845243461e-03 -3.093669977612377e-03 0.000000000000000e+00 0.000000000000000e+00
1.817710799568676e+00 4.372646988461169e-04 -2.980021262412408e-04 -4.288715161289596e-03 -2.090581058353597e-04 0.000000000000000e+00 0.000000000000000e+00
1.828217798410114e+00 4.263458969099597e-04 -3.198707831851535e-04 -2.352707231569345e-03 2.656064229456254e-03 0.000000000000000e+00 0.000000000000000e+00
1.838724797251551e+00 4.028397952236561e-04 -3.308573255577281e-04 -3.022288280544145e-04 5.417801960820041e-03 0.000000000000000e+00 0.000000000000000e+00
1.849231796092989e+00 3.675161744688055e-04 -3.306499491200899e-04 1.791998880422460e-03 7.995641446008766e-03 0.000000000000000e+00 0.000000000000000e+00
1.859738794934426e+00 3.215202078762282e-04 -3.193216706966648e-04 3.858122358670883e-03 1.031498431175882e-02 0.000000000000000e+00 0.000000000000000e+00
1.870245793775863e+00 2.663365656958656e-04 -2.973251135539896e-04 5.825624425553574e-03 1.230949890870838e-02 0.000000000000000e+00 0.000000000000000e+00
1.880752792617301e+00 2.037421677757831e-04 -2.654741589098021e-04 7.627729190059782e-03 1.392321163077510e-02 0.000000000000000e+00 0.000000000000000e+00
1.891259791458738e+00 1.357490936483730e-04 -2.249131677610071e-04 9.203660388982453e-03 1.511226855533101e-02 0.000000000000000e+00 0.000000000000000e+00
1.901766790300176e+00 6.453950197558125e-05 -1.770749106576063e-04 1.050067585431573e-02 1.584630845110347e-02 0.000000000000000e+00 0.000000000000000e+00
1.912273789141613e+00 -7.605307315626667e-06 -1.236287352323709e-04 1.147580905917076e-02 1.610940083354390e-02 0.000000000000000e+00 0.000000000000000e+00
1.922780787983051e+00 -7.837934445812209e-05 -6.642083841512116e-05 1.209725929271810e-02 1.590051700501669e-02 0.000000000000000e+00 0.000000000000000e+00
1.933287786824488e+00 -1.455274193800726e-04 -7.408780490352794e-06 1.234538461685786e-02 1.523351742388438e-02 0.000000000000000e+00 0.000000000000000e+00
1.943794785665925e+00 -2.069191459635708e-04 5.140742797566821e-05 1.221326590916772e-02 1.413665478512485e-02 0.000000000000000e+00 0.000000000000000e+00
1.954301784507363e+00 -2.606189755701781e-04 1.080552245157673e-04 1.170682549415321e-02 1.265160832370191e-02 0.000000000000000e+00 0.000000000000000e+00
1.964808783348800e+00 -3.049498973212464e-04 1.606579126508763e-04 1.084449956827343e-02 1.083208052287783e-02 0.000000000000000e+00 0.000000000000000e+00
1.975315782190238e+00 -3.385486468432123e-04 2.074991970095453e-04 9.656479277015866e-03 8.742002088947287e-03 0.000000000000000e+00 0.000000000000000e+00
1.985822781031675e+00 -3.604105440245131e-04 2.470815819365746e-04 8.183550351942067e-03 6.453404238463629e-03 0.000000000000000e+00 0.000000000000000e+00
1.996329779873113e+00 -3.699224245791326e-04 2.781766079212134e-04 6.475575132079853e-03 4.044028580403259e-03 0.000000000000000e+00 0.000000000000000e+00
2.006836778714550e+00 -3.668825283240287e-04 2.998651994544037e-04 4.589673089398614e-03 1.594753775032527e-03 -0.000000000000000e+00 0.000000000000000e+00
2.017343777555987e+00 -3.515066456040622e-04 3.115667575586374e-04 2.588166223510913e-03 -8.130755967165881e-04 -0.000000000000000e+00 0.000000000000000e+00
2.027850776397425e+00 -3.244202873309914e-04 3.130560372294284e-04 5.363635316377449e-04 -3.100329135510047e-03 -0.000000000000000e+00 0.000000000000000e+00
2.038357775238862e+00 -2.866371177882255e-04 3.044672897244813e-04 -1.499736071547319e-03 -5.192690486882525e-03 -0.000000000000000e+00 0.000000000000000e+00
2.048864774080300e+00 -2.395243564492829e-04 2.862856062165735e-04 -3.455740685036957e-03 -7.023090374675859e-03 -0.000000000000000e+00 0.000000000000000e+00
2.059371772921737e+00 -1.847562994701404e-04 2.593258564259557e-04 -5.271081093621508e-03 -8.533891764330318e-03 -0.000000000000000e+00 0.000000000000000e+00
2.069878771763175e+00 -1.242575179019516e-04 2.247000570755566e-04 -6.891067539589850e-03 -9.678754414703462e-03 -0.000000000000000e+00 0.000000000000000e+00
2.080385770604612e+00 -6.013764392250933e-05 1.837744146194834e-04 -8.268716163205011e-03 -1.042411684757741e-02 -0.000000000000000e+00 0.000000000000000e+00
2.090892769446050e+00 5.380053834950704e-06 1.381176500750370e-04 -9.366282399276832e-03 -1.075024664388284e-02 -0.000000000000000e+00 0.000000000000000e+00
2.101399768287487e+00 7.003388961674308e-05 8.944251802942997e-05 -1.015644951943965e-02 -1.065182452959088e-02 -0.000000000000000e+00 0.000000000000000e+00
2.111906767128925e+00 1.316002253860240e-04 3.954266625314071e-05 -1.062313319560266e-02 -1.013804344892704e-02 -0.000000000000000e+00 0.000000000000000e+00
2.122413765970362e+00 1.879685860855582e-04 -9.772861400532769e-06 -1.076187696704461e-02 -9.232220203034063e-03 -0.000000000000000e+00 0.000000000000000e+00
2.132920764811800e+00 2.372128731459292e-04 -5.674510336893791e-05 -1.057982831329715e-02 -7.970933700760487e-03 -0.000000000000000e+00 0.000000000000000e+00
2.143427763653237e+00 2.776562544876380e-04 -9.972827768598630e-05 -1.009530013205387e-02 -6.402719863045272e-03 -0.000000000000000e+00 0.000000000000000e+00
2.153934762494674e+00 3.079275229271138e-04 -1.372482341057598e-04 -9.336937252618029e-03 -4.586368197150331e-03 -0.000000000000000e+00 0.000000000000000e+00
2.164441761336112e+00 3.270070046022406e-04 -1.680541764792075e-04 -8.342521649451425e-03 -2.588878499754280e-03 -0.000000000000000e+00 0.000000000000000e+00
2.174948760177549e+00 3.342604549494099e-04 -1.911618249654669e-04 -7.157462756635767e-03 -4.831475986275150e-04 -0.000000000000000e+00 0.000000000000000e+00
2.185455759018986e+00 3.294597897479771e-04 -2.058865069940323e-04 -5.833030270723252e-03 1.654534890868573e-03 -0.000000000000000e+00 0.000000000000000e+00
2.195962757860424e+00 3.127899487624116e-04 -2.118650386757722e-04 -4.424395679649640e-03 3.747096446535056e-03 -0.000000000000000e+00 0.000000000000000e+00
2.206469756701861e+00 2.848416641093467e-04 -2.090656709419908e-04 -2.988555160874419e-03 5.719308350932252e-03 -0.000000000000000e+00 0.000000000000000e+00
2.216976755543299e+00 2.465903883302762e-04 -1.977858120147126e-04 -1.582210233946226e-03 7.500340000581330e-03 -0.000000000000000e+00 0.000000000000000e+00
2.227483754384736e+00 1.993621116219888e-04 -1.786376839595436e-04 -2.596835096303170e-04 9.026154198700358e-03 -0.000000000000000e+00 0.000000000000000e+00
2.237990753226174e+00 1.447872473906412e-04 -1.525225098423491e-04 9.290549709360007e-04 1.024166239228146e-02 0.000000000000000e+00 -0.000000000000000e+00
2.248497752067611e+00 8.474417470885120e-05 -1.205942435031008e-04 1.940179886812122e-03 1.110256715293821e-02 0.000000000000000e+00 -0.000000000000000e+00
2.259004750909049e+00 2.129438119879831e-05 -8.421423115410621e-05 2.737557475758409e-03 1.157683001630489e-02 0.000000000000000e+00 -0.000000000000000e+00
2.269511749750486e+00 -4.338856196434071e-05 -4.489851930654213e-05 3.293992651841402e-03 1.164571571460373e-02 0.000000000000000e+00 -0.000000000000000e+00
2.280018748591924e+00 -1.070937498403166e-04 -4.259785242435092e-06 3.592133308695604e-03 1.130437841664602e-02 0.000000000000000e+00 -0.000000000000000e+00
2.290525747433361e+00 -1.676488479556145e-04 3.605394497430255e-05 3.625001532497967e-03 1.056197132725136e-02 0.000000000000000e+00 -0.000000000000000e+00
2.301032746274798e+00 -2.229945419578962e-04 7.442151679910936e-05 3.396135295192172e-03 9.441277352323864e-03 0.000000000000000e+00 -0.000000000000000e+00
2.311539745116236e+00 -2.712549749689093e-04 1.093095059155768e-04 2.919338565381563e-03 7.977874944015025e-03 0.000000000000000e+00 -0.000000000000000e+00
2.322046743957673e+00 -3.108017544483888e-04 1.393294738285282e-04 2.218052136133957e-03 6.218869138287347e-03 0.000000000000000e+00 -0.000000000000000e+00
2.332553742799111e+00 -3.403093333664545e-04 1.632895190140216e-04 1.324371302510072e-03 4.221232638390936e-03 0.000000000000000e+00 -0.000000000000000e+00
2.343060741640548e+00 -3.587998692268209e-04 1.802382390141154e-04 2.777493249995415e-04 2.049815072664075e-03 0.000000000000000e+00 -0.000000000000000e+00
2.353567740481985e+00 -3.656760286674543e-04 1.894995040285108e-04 -8.765630742912347e-04 -2.249101915854680e-04 0.000000000000000e+00 -0.000000000000000e+00
2.364074739323423e+00 -3.607406223923541e-04 1.906967856203297e-04 -2.089282524309624e-03 -2.529283449691785e-03 0.000000000000000e+00 -0.000000000000000e+00
2.374581738164860e+00 -3.442024106215903e-04 1.837661724805167e-04 -3.308995291463129e-03 -4.788995910029660e-03 0.000000000000000e+00 -0.000000000000000e+00
2.385088737006298e+00 -3.166678973108869e-04 1.689576245174948e-04 -4.484125515720002e-03 -6.931639204476729e-03 0.000000000000000e+00 -0.000000000000000e+00
2.395595735847735e+00 -2.791194155200246e-04 1.468244514813391e-04 -5.564895832625281e-03 -8.889179371344891e-03 0.000000000000000e+00 -0.000000000000000e+00
2.406102734689173e+00 -2.328802797187980e-04 1.182014369736369e-04 -6.505207491035673e-03 -1.060027034970327e-02 0.000000000000000e+00 0.000000000000000e+00
2.416609733530610e+00 -1.795682270964775e-04 8.417244714708060e-05 -7.264370428158128e-03 -1.201232777351286e-02 0.000000000000000e+00 0.000000000000000e+00
2.427116732372048e+00 -1.210387736122295e-04 4.602875038513086e-05 -7.808619660652950e-03 -1.308329232302810e-02 0.000000000000000e+00 0.000000000000000e+00
2.437623731213485e+00 -5.932045759569993e-05 5.219615659882171e-06 -8.112362567772903e-03 -1.378302278215353e-02 0.000000000000000e+00 0.000000000000000e+00
2.448130730054923e+00 3.455777847541491e-06 -3.670295933886313e-05 -8.159111870324450e-03 -1.409427188303230e-02 0.000000000000000e+00 0.000000000000000e+00
2.458637728896360e+00 6.513061219097942e-05 -7.814332413465517e-05 -7.942070965666643e-03 -1.401321254203298e-02 0.000000000000000e+00 0.000000000000000e+00
2.469144727737797e+00 1.235912181688062e-04 -1.175228503364398e-04 -7.464351323590254e-03 -1.354949769896737e-02 0.000000000000000e+00 0.000000000000000e+00
2.479651726579235e+00 1.768443834820639e-04 -1.533399425306673e-04 -6.738815398112141e-03 -1.272585312142407e-02 0.000000000000000e+00 0.000000000000000e+00
2.490158725420672e+00 2.230853553354284e-04 -1.842271476813881e-04 -5.787552458842673e-03 -1.157721866819453e-02 0.000000000000000e+00 0.000000000000000e+00
2.500665724262110e+00 2.607600314075695e-04 -2.090032331724461e-04 -4.641008379555203e-03 -1.014946906108939e-02 0.000000000000000e+00 0.000000000000000e+00
2.511172723103547e+00 2.886183550014795e-04 -2.267182895400382e-04 -3.336803240606023e-03 -8.497759655166495e-03 0.000000000000000e+00 0.000000000000000e+00
2.521679721944984e+00 3.057570804009194e-04 -2.366901713059114e-04 -1.918282136618272e-03 -6.684555525364250e-03 0.000000000000000e+00 0.000000000000000e+00
2.532186720786422e+00 3.116504460840346e-04 -2.385309087110418e-04 -4.328544100993012e-04 -4.777412961569253e-03 0.000000000000000e+00 0.000000000000000e+00
2.542693719627859e+00 3.061677154199028e-04 -2.321620928899037e-04 1.069815702546994e-03 -2.846590815313877e-03 0.000000000000000e+00 0.000000000000000e+00
2.553200718469297e+00 2.895770020529975e-04 -2.178186436083572e-04 2.539698605544418e-03 -9.625747856884103e-04 0.000000000000000e+00 0.000000000000000e+00
2.563707717310734e+00 2.625352743850085e-04 -1.960407972661778e-04 3.928297771698054e-03 8.063995194768118e-04 0.000000000000000e+00 0.000000000000000e+00
2.574214716152172e+00 2.260649137384543e-04 -1.676545877907190e-04 5.190485539265286e-03 2.396739146435883e-03 0.000000000000000e+00 0.000000000000000e+00
2.584721714993609e+00 1.815176671849462e-04 -1.337415184418332e-04 6.286207163677800e-03 3.751719584535818e-03 -0.000000000000000e+00 0.000000000000000e+00
2.595228713835047e+00 1.305272723889981e-04 -9.559852287515806e-05 7.181988976669437e-03 4.823467434406476e-03 -0.000000000000000e+00 0.000000000000000e+00
2.605735712676484e+00 7.495242296440328e-05 -5.468967444435639e-05 7.852193843106398e-03 5.574632288392303e-03 -0.000000000000000e+00 0.000000000000000e+00
2.616242711517921e+00 1.681207516660469e-05 -1.259141047376360e-05 8.279976543125523e-03 5.979691155684549e-03 0.000000000000000e+00 -0.000000000000000e+00
2.626749710359359e+00 -4.178464127787754e-05 2.906671817054388e-05 8.457902895989303e-03 6.025841693278256e-03 0.000000000000000e+00 -0.000000000000000e+00
2.637256709200796e+00 -9.871146282941414e-05 6.866359139292473e-05 8.388208970687077e-03 5.713454905182956e-03 0.000000000000000e+00 -0.000000000000000e+00
2.647763708042234e+00 -1.518984400050534e-04 1.046480861554674e-04 8.082690136190753e-03 5.056073339678064e-03 0.000000000000000e+00 -0.000000000000000e+00
2.658270706883671e+00 -1.994032432134671e-04 1.355983845751737e-04 7.562223499386060e-03 4.079956608273660e-03 0.000000000000000e+00 -0.000000000000000e+00
2.668777705725109e+00 -2.394778574142885e-04 1.602768186561245e-04 6.855940954685542e-03 2.823191718034610e-03 0.000000000000000e+00 -0.000000000000000e+00
2.679284704566546e+00 -2.706283636550130e-04 1.776782021330336e-04 6.000083124742388e-03 1.334400704031392e-03 0.000000000000000e+00 -0.000000000000000e+00
2.689791703407983e+00 -2.916657528292128e-04 1.870698306927700e-04 5.036576427522782e-03 -3.289081505330698e-04 0.000000000000000e+00 -0.000000000000000e+00
2.700298702249421e+00 -3.017460355807333e-04 1.880216295309314e-04 4.011385922592402e-03 -2.102287090870140e-03 0.000000000000000e+00 -0.000000000000000e+00
2.710805701090858e+00 -3.003982908574722e-04 1.804252811205715e-04 2.972705086049071e-03 -3.916525210852184e-03 0.000000000000000e+00 -0.000000000000000e+00
2.721312699932296e+00 -2.875397208140453e-04 1.645015635006507e-04 1.969049926283546e-03 -5.699978260813834e-03 0.000000000000000e+00 -0.000000000000000e+00
2.731819698773733e+00 -2.634772365573127e-04 1.407955560398294e-04 1.047328650021708e-03 -7.380970974844538e-03 0.000000000000000e+00 -0.000000000000000e+00
2.742326697615171e+00 -2.288955715351551e-04 1.101598101126166e-04 2.509592778724733e-04 -8.890188890060224e-03 0.000000000000000e+00 -0.000000000000000e+00
2.752833696456608e+00 -1.848323905553653e-04 7.372602055660821e-05 -3.818938565464448e-04 -1.016297748418044e-02 0.000000000000000e+00 0.000000000000000e+00
2.763340695298046e+00 -1.326413159328888e-04 3.286615431532071e-05 -8.198978608359233e-04 -1.114147018254858e-02 0.000000000000000e+00 0.000000000000000e+00
2.773847694139483e+00 -7.394421218254659e-05 -1.085561990268489e-05 -1.039882961580925e-03 -1.177647323838963e-02 0.000000000000000e+00 0.000000000000000e+00
2.784354692980920e+00 -1.057444229238513e-05 -5.573851684938046e-05 -1.027876538305384e-03 -1.202904443167426e-02 0.000000000000000e+00 0.000000000000000e+00
2.794861691822358e+00 5.548688105544983e-05 -1.000062700090788e-04 -7.797986239193536e-04 -1.187171363650657e-02 0.000000000000000e+00 0.000000000000000e+00
2.805368690663795e+00 1.221793877092164e-04 -1.418716411181156e-04 -3.017901911225492e-04 -1.128930617325896e-02 0.000000000000000e+00 0.000000000000000e+00
2.815875689505233e+00 1.874342662071656e-04 -1.796019947138545e-04 3.898411546085148e-04 -1.027934402761687e-02 0.000000000000000e+00 0.000000000000000e+00
2.826382688346670e+00 2.492449121925876e-04 -2.115835776048487e-04 1.269059541157219e-03 -8.852014977790909e-03 0.000000000000000e+00 0.000000000000000e+00
2.836889687188108e+00 3.057349333317912e-04 -2.363821768305294e-04 2.300910696750542e-03 -7.029714890610084e-03 0.000000000000000e+00 0.000000000000000e+00
2.847396686029545e+00 3.552211382437771e-04 -2.527979469403678e-04 3.442677132118621e-03 -4.846183386905449e-03 0.000000000000000e+00 0.000000000000000e+00
2.857903684870982e+00 3.962693237161316e-04 -2.599123942798480e-04 4.645339714615886e-03 -2.345267208236196e-03 0.000000000000000e+00 0.000000000000000e+00
2.868410683712420e+00 4.277409379404650e-04 -2.571257755898572e-04 5.855295325189764e-03 4.206415570484160e-04 0.000000000000000e+00 0.000000000000000e+00
2.878917682553857e+00 4.488290281768045e-04 -2.441835011698695e-04 7.016270669111917e-03 3.392434159734092e-03 0.000000000000000e+00 0.000000000000000e+00
2.889424681395295e+00 4.590822672749666e-04 -2.211905173814690e-04 8.071364808137351e-03 6.506313628894306e-03 0.000000000000000e+00 0.000000000000000e+00
2.899931680236732e+00 4.584162810393150e-04 -1.886130658122901e-04 8.965147871154468e-03 9.695949323914693e-03 0.000000000000000e+00 0.000000000000000e+00
2.910438679078170e+00 4.471119522709887e-04 -1.472676620029013e-04 9.645740872618123e-03 1.289468014522542e-02 0.000000000000000e+00 0.000000000000000e+00
2.920945677919607e+00 4.258008412794934e-04 -9.829758947044548e-05 1.006680172107476e-02 1.603768792711361e-02 0.000000000000000e+00 0.000000000000000e+00
2.931452676761044e+00 3.954383202368122e-04 -4.313764873665793e-05 1.018934533616560e-02 1.906406432795960e-02 0.000000000000000e+00 0.000000000000000e+00
2.941959675602482e+00 3.572654536873165e-04 1.653167959999650e-05 9.983331217638095e-03 2.191869906233983e-02 0.000000000000000e+00 0.000000000000000e+00
2.952466674443919e+00 3.127610544152760e-04 7.883911897958962e-05 9.428959637849741e-03 2.455392441025993e-02 0.000000000000000e+00 0.000000000000000e+00
2.962973673285357e+00 2.635856886484917e-04 1.417846628393975e-04 8.517627587017070e-03 2.693086032515240e-02 0.000000000000000e+00 0.000000000000000e+00
2.973480672126794e+00 2.115196850782208e-04 2.033066953576935e-04 7.252507339354557e-03 2.902041579601956e-02 0.000000000000000e+00 0.000000000000000e+00
2.983987670968232e+00 1.583974085233465e-04 2.613518524773596e-04 5.648723615028594e-03 3.080391498368396e-02 0.000000000000000e+00 0.000000000000000e+00
2.994494669809669e+00 1.060401840455279e-04 3.139452023146219e-04 3.733119324955655e-03 3.227333057603277e-02 0.000000000000000e+00 0.000000000000000e+00
3.005001668651107e+00 5.619029662299008e-05 3.592583026610582e-04 1.543614307804804e-03 3.343112128516230e-02 0.000000000000000e+00 0.000000000000000e+00
3.015508667492544e+00 1.044844386522672e-05 3.956727578009116e-04 -8.718242097201510e-04 3.428968491487517e-02 -0.000000000000000e+00 0.000000000000000e+00
3.026015666333981e+00 -2.978311346655313e-05 4.218370451833916e-04 -3.456566984966470e-03 3.487045243484765e-02 -0.000000000000000e+00 0.000000000000000e+00
3.036522665175419e+00 -6.334967125494408e-05 4.367146095178723e-04 -6.147018901232044e-03 3.520266150216863e-02 -0.000000000000000e+00 0.000000000000000e+00
3.047029664016856e+00 -8.938372563449342e-05 4.396215197474975e-04 -8.874569742876837e-03 3.532185940355055e-02 -0.000000000000000e+00 0.000000000000000e+00
3.057536662858294e+00 -1.073337413984599e-04 4.302523427066505e-04 -1.156773433123725e-02 3.526819503832218e-02 -0.000000000000000e+00 0.000000000000000e+00
3.068043661699731e+00 -1.169810432869252e-04 4.086932935609632e-04 -1.415440987776913e-02 3.508456697849448e-02 -0.000000000000000e+00 0.000000000000000e+00
3.078550660541169e+00 -1.184442606785266e-04 3.754221631415560e-04 -1.656417405092361e-02 3.481469956425634e-02 -0.000000000000000e+00 0.000000000000000e+00
3.089057659382606e+00 -1.121712083910971e-04 3.312949805708205e-04 -1.873054556194788e-02 3.450122124873366e-02 -0.000000000000000e+00 0.000000000000000e+00
3.099564658224043e+00 -9.891854204994885e-05 2.775198300646255e-04 -2.059313011610681e-02 3.418381891898953e-02 -0.000000000000000e+00 0.000000000000000e+00
3.110071657065481e+00 -7.971996941243478e-05 2.156186872964864e-04 -2.209957831643891e-02 3.389753871504372e-02 -0.000000000000000e+00 0.000000000000000e+00
3.120578655906918e+00 -5.584421327840903e-05 1.473785575348950e-04 -2.320728841877942e-02 3.367129806763573e-02 -0.000000000000000e+00 0.000000000000000e+00
3.131085654748356e+00 -2.874429231525487e-05 7.479357025722325e-05 -2.388479550012809e-02 3.352666549511774e-02 -0.000000000000000e+00 0.000000000000000e+00
3.141592653589793e+00 0.000000000000000e+00 0.000000000000000e+00 -2.411279931484587e-02 3.347695444312180e-02 -0.000000000000000e+00 0.000000000000000e+00
