frequency = 2997924585.809468 Hz; phi = 1.5707963267948966 rad
theta(rad) Re(E_r) Im(E_r) Re(E_theta) Im(E_theta) Re(E_phi) Im(E_phi)
0.000000000000000e+00 0.000000000000000e+00 0.000000000000000e+00 -4.634404203094571e-01 -6.684910361627187e-01 0.000000000000000e+00 0.000000000000000e+00
1.050699884143744e-02 1.539372638179476e-19 -1.629632543839516e-19 -2.783721929985219e-17 -4.043633272307683e-17 4.545992892027772e-01 6.607560289441634e-01
2.101399768287487e-02 3.006261035644841e-19 -3.141597251417254e-19 -2.625490069177232e-17 -3.896877532741483e-17 4.286849599397271e-01 6.378862603410286e-01
3.152099652431230e-02 4.332295001985060e-19 -4.428402868561889e-19 -2.374320782126601e-17 -3.659905338576734e-17 3.874753608058317e-01 6.008705344524451e-01
4.202799536574974e-02 5.457096726767212e-19 -5.401941945956921e-19 -2.047909093950935e-17 -3.343696144508214e-17 3.337738153072569e-01 5.513011557984847e-01
5.253499420718718e-02 6.331698517870944e-19 -6.000857840366423e-19 -1.668876777174981e-17 -2.962744465851661e-17 2.711839360361507e-01 4.912932028351107e-01
6.304199304862461e-02 6.921296818273092e-19 -6.195387131736358e-19 -1.262866711297843e-17 -2.534243721166228e-17 2.038225334123716e-01 4.233770766627445e-01
7.354899189006205e-02 7.207171964726742e-19 -5.989247764464395e-19 -8.564157033160417e-18 -2.077120228804267e-17 1.359954641423431e-01 3.503696783362503e-01
8.405599073149948e-02 7.187646265866302e-19 -5.418439086421355e-19 -4.748022594569857e-18 -1.610974300634718e-17 7.186432976224179e-02 2.752307792791560e-01
9.456298957293692e-02 6.878005720098600e-19 -4.547125866127211e-19 -1.400647434292447e-18 -1.154991884090540e-17 1.513237625022802e-02 2.009121004625520e-01
1.050699884143744e-01 6.309371364938540e-19 -3.461062390549025e-19 1.306348227647354e-18 -7.268931478059039e-18 -3.122417433231662e-02 1.302072355709992e-01
1.155769872558118e-01 5.526572159389142e-19 -2.259245665924908e-19 3.261630172932997e-18 -3.419833549860249e-18 -6.515758413507050e-02 6.561077284317371e-02
1.260839860972492e-01 4.585138727964084e-19 -1.044645171540247e-19 4.419947269828518e-18 -1.236608958508718e-19 -8.566742229502347e-02 9.194732546910609e-03
1.365909849386867e-01 3.547601606670043e-19 8.507453740636531e-21 4.801888219465497e-18 2.536305766526385e-18 -9.282894319853595e-02 -3.749029421459236e-02
1.470979837801241e-01 2.479333590095447e-19 1.045948110293776e-19 4.487869156147345e-18 4.517777197656651e-18 -8.773138448804747e-02 -7.348315091675368e-02
1.576049826215615e-01 1.444218011944507e-19 1.774446284507115e-19 3.607164328177450e-18 5.819982481994478e-18 -7.233450216728911e-02 -9.844481112495665e-02
1.681119814629990e-01 5.004483787732336e-20 2.231972644667338e-19 2.323234508646312e-18 6.481465421937640e-18 -4.925866251920380e-02 -1.126534066850721e-01
1.786189803044364e-01 -3.032341113416806e-20 2.406782543172237e-19 8.169097003474825e-19 6.575324693266828e-18 -2.152923381229600e-02 -1.169616095175894e-01
1.891259791458738e-01 -9.305821367858761e-20 2.313257695527310e-19 -7.308819164325651e-19 6.202260721847902e-18 7.700600736587457e-03 -1.127188956900163e-01
1.996329779873113e-01 -1.359927974084927e-19 1.988738121663797e-19 -2.155185801131463e-18 5.481958848418753e-18 3.542341497048834e-02 -1.016636773856944e-01
2.101399768287487e-01 -1.585148675462726e-19 1.488350106113782e-19 -3.320443244575167e-18 4.543467803482568e-18 5.902357324482069e-02 -8.579250020007315e-02
2.206469756701862e-01 -1.615433497612865e-19 8.784508435700387e-20 -4.130152313078256e-18 3.515312079407649e-18 7.647522753282497e-02 -6.721527858416375e-02
2.311539745116236e-01 -1.473874110519769e-19 2.294202828242826e-20 -4.532090101658737e-18 2.516097472425953e-18 8.647697459055396e-02 -4.800671168181257e-02
2.416609733530610e-01 -1.194997512207568e-19 -3.914403797271644e-20 -4.518899248039195e-18 1.646326833992847e-18 8.851428775270274e-02 -3.006445582439687e-02
2.521679721944984e-01 -8.214533121691772e-20 -9.261957770511355e-20 -4.124316243510014e-18 9.820395902122692e-19 8.284783499664936e-02 -1.498425502707558e-02
2.626749710359359e-01 -4.001420168383168e-20 -1.331164508818326e-19 -3.415738709799596e-18 5.707314346526954e-19 7.043269055971008e-02 -3.961040715017515e-03
2.731819698773733e-01 2.187872541773282e-21 -1.580002284769795e-19 -2.484152431285034e-18 4.298128136757473e-19 5.277959306507210e-02 2.276927112689122e-03
2.836889687188108e-01 4.013530056785458e-20 -1.664785940597803e-19 -1.432637663807612e-18 5.476438453170112e-19 3.177424404311262e-02 3.496355964546811e-03
2.941959675602482e-01 7.023069844152428e-20 -1.595125159566117e-19 -3.647339953194840e-19 8.869593818195906e-19 9.473766945776159e-03 -5.190300164906507e-05
3.047029664016856e-01 8.987529060053771e-20 -1.395534449153751e-19 6.261346362339865e-19 1.390292092099266e-18 -1.209937177514962e-02 -7.681222872134258e-03
3.152099652431231e-01 9.763936885695189e-20 -1.101466905699136e-19 1.465171969632396e-18 1.986833402124897e-18 -3.114647494447932e-02 -1.835050347123178e-02
3.257169640845605e-01 9.332013245698096e-20 -7.545271541340969e-20 2.101947127337894e-18 2.600058138647917e-18 -4.624787218448486e-02 -3.077113293639397e-02
3.362239629259979e-01 7.788508716269942e-20 -3.974338614724502e-20 2.512993717155630e-18 3.155389788547054e-18 -5.647154135012959e-02 -4.353027560164119e-02
3.467309617674353e-01 5.331016023271396e-20 -6.929013671529725e-21 2.701267836301249e-18 3.587203924609502e-18 -6.142744885417988e-02 -5.521989572738160e-02
3.572379606088728e-01 2.233166713858053e-20 1.983519599410702e-20 2.692798856458170e-18 3.844554989568764e-18 -6.126558754018541e-02 -6.456058869748157e-02
3.677449594503102e-01 -1.186078537136590e-20 3.842671645959524e-20 2.531142888416670e-18 3.895156811612292e-18 -5.662123478289845e-02 -7.050990950922144e-02
3.782519582917477e-01 -4.595827707764171e-20 4.789601813901355e-20 2.270438373207110e-18 3.727334545011079e-18 -4.851588275595657e-02 -7.234640996210574e-02
3.887589571331851e-01 -7.685951981903502e-20 4.846494892373302e-20 1.967951421843499e-18 3.349875473024863e-18 -3.822615559501211e-02 -6.972288270624151e-02
3.992659559746226e-01 -1.019586487595531e-19 4.139449214356943e-20 1.676982654342353e-18 2.789916365663685e-18 -2.713549730961104e-02 -6.268515089938673e-02
4.097729548160600e-01 -1.193668210323539e-19 2.874684560241021e-20 1.440896484850985e-18 2.089194124887810e-18 -1.658431413582216e-02 -5.165587206895255e-02
4.202799536574974e-01 -1.280483720959461e-19 1.307665581787198e-20 1.288847205526345e-18 1.299135097601914e-18 -7.733572344494560e-03 -3.738595159488835e-02
4.307869524989348e-01 -1.278618939342117e-19 -2.908473729769892e-21 1.233540200453126e-18 4.753521495163454e-19 -1.454730640798904e-03 -2.087899360913987e-02
4.412939513403723e-01 -1.195069652550336e-19 -1.667768802581233e-20 1.271111288109970e-18 -3.278509800103670e-19 1.744396165726798e-03 -3.296493203576433e-03
4.518009501818097e-01 -1.043872384153291e-19 -2.616049180545561e-20 1.382962724632538e-18 -1.062402686201193e-18 1.752308476752991e-03 1.414701279122860e-02
4.623079490232472e-01 -8.440908649084002e-20 -2.995595904455512e-20 1.539187573431009e-18 -1.690341481328456e-18 -1.156101230494824e-03 3.028899932904661e-02
4.728149478646846e-01 -6.174113446276555e-20 -2.744984231465968e-20 1.703065476146760e-18 -2.186316208814984e-18 -6.368901413871518e-03 4.411469002981260e-02
4.833219467061221e-01 -3.856312177916430e-20 -1.883369477985176e-20 1.836034669246630e-18 -2.538545085973757e-18 -1.301897474028371e-02 5.483515945561296e-02
4.938289455475595e-01 -1.683240099588259e-20 -5.031681234495551e-21 1.902540661671254e-18 -2.748249370016404e-18 -2.008855156613866e-02 6.194143733435912e-02
5.043359443889969e-01 1.906923401445297e-21 1.244924686931118e-20 1.874225833536236e-18 -2.827746123825863e-18 -2.652482941905226e-02 6.523075061862711e-02
5.148429432304343e-01 1.665320481380433e-20 3.172274333618601e-20 1.733043364116015e-18 -2.797524148440425e-18 -3.135454532145833e-02 6.480382691861838e-02
5.253499420718718e-01 2.700372360450894e-20 5.075282403738011e-20 1.473034983991789e-18 -2.682722958069311e-18 -3.378605447598879e-02 6.103497909268113e-02
5.358569409133092e-01 3.313620988820252e-20 6.758213744568657e-20 1.100683891763241e-18 -2.509477491738799e-18 -3.328925065665352e-02 5.451922124920371e-02
5.463639397547466e-01 3.572200706366688e-20 8.053352501170124e-20 6.339205175583465e-19 -2.301578279132178e-18 -2.964630847350181e-02 4.600268971656923e-02
5.568709385961841e-01 3.578514971265371e-20 8.836496976269316e-20 1.000008491571199e-19 -2.077831760661898e-18 -2.296943016340904e-02 3.630397403339679e-02
5.673779374376215e-01 3.452735231343455e-20 9.036519062688911e-20 -4.674195301765283e-19 -1.850398093822001e-18 -1.368519547466100e-02 2.623449232554759e-02
5.778849362790589e-01 3.314206067256988e-20 8.638512596995296e-20 -1.031636139266685e-18 -1.624248379912074e-18 -2.488395776338089e-03 1.652574598821770e-02
5.883919351204964e-01 3.264102171929954e-20 7.680833532873551e-20 -1.556284140491903e-18 -1.397736945281803e-18 9.728931982301197e-03 7.770218274951934e-03
5.988989339619338e-01 3.371433970820501e-20 6.247001589210988e-20 -2.008415498955671e-18 -1.164144936098450e-18 2.196542259731641e-02 3.809745291580061e-04
6.094059328033713e-01 3.664009668922930e-20 4.453917697800054e-20 -2.360989070792289e-18 -9.139354252183139e-19 3.320614037997026e-02 -5.427126642874084e-03
6.199129316448087e-01 4.125298407486494e-20 2.438112341167495e-20 -2.594594715107359e-18 -6.373805320764867e-19 4.251675058659614e-02 -9.634057970002398e-03
6.304199304862461e-01 4.697386819093098e-20 3.417663464143478e-21 -2.698338315564738e-18 -3.271859770445727e-19 4.912728549603685e-02 -1.239084630066844e-02
6.409269293276836e-01 5.289472298814875e-20 -1.699942287984895e-20 -2.669915484211436e-18 1.924933935208539e-20 5.249810618752278e-02 -1.397919549721638e-02
6.514339281691210e-01 5.790680027118439e-20 -3.568969340431643e-20 -2.514985844926123e-18 3.982448504353847e-19 5.236270929133788e-02 -1.475987471352449e-02
6.619409270105584e-01 6.085502387137908e-20 -5.171281150395108e-20 -2.246018681804259e-18 7.991349484140911e-19 4.874447014165167e-02 -1.511617998644326e-02
6.724479258519959e-01 6.069891425666402e-20 -6.440245915730236e-20 -1.880810073735386e-18 1.204549154777513e-18 4.194699177257880e-02 -1.539902312248310e-02
6.829549246934333e-01 5.666011658487770e-20 -7.336776424458177e-20 -1.440871436641584e-18 1.591649916334093e-18 3.252018803396837e-02 -1.587974968951738e-02
6.934619235348707e-01 4.833875815327397e-20 -7.846838875632029e-20 -9.498635958661743e-19 1.934184223715583e-18 2.120634164848216e-02 -1.671570802295368e-02
7.039689223763081e-01 3.578505600799122e-20 -7.977188867806769e-20 -4.322060741391807e-19 2.205107747001123e-18 8.871965530364272e-03 -1.793201656155765e-02
7.144759212177456e-01 1.951825512247416e-20 -7.750291272972273e-20 8.806303373498221e-20 2.379474012105870e-18 -3.567757998716636e-03 -1.942108739143161e-02
7.249829200591831e-01 4.913713210804671e-22 -7.199328264665903e-20 5.881562255923236e-19 2.437253081937340e-18 -1.522492679277356e-02 -2.095946625066068e-02
7.354899189006204e-01 -1.999344849971639e-20 -6.364021950796532e-20 1.047161788930323e-18 2.365756214813341e-18 -2.530863007500749e-02 -2.223965477882608e-02
7.459969177420579e-01 -4.040860306584692e-20 -5.287732946044615e-20 1.446485415386466e-18 2.161392145179019e-18 -3.318277997115024e-02 -2.291298370359948e-02
7.565039165834954e-01 -5.914929652064269e-20 -4.015990832304553e-20 1.770184393248470e-18 1.830559763117713e-18 -3.840785357547299e-02 -2.263846371862138e-02
7.670109154249328e-01 -7.468966488541649e-20 -2.596315657709391e-20 2.005268057810834e-18 1.389580617680363e-18 -4.076404599355270e-02 -2.113196045129632e-02
7.775179142663702e-01 -8.572981329001844e-20 -1.078945215528276e-20 2.142019666264229e-18 8.636805717342342e-19 -4.025514332153619e-02 -1.821006707271841e-02
7.880249131078076e-01 -9.131851668842331e-20 4.820761180881010e-21 2.174364873098763e-18 2.851305840521940e-19 -3.709415566364884e-02 -1.382366550298421e-02
7.985319119492451e-01 -9.093968710549122e-20 2.028046259019077e-20 2.100276575973897e-18 -3.092592369486567e-19 -3.167325001039246e-02 -8.077298154703559e-03
8.090389107906826e-01 -8.455521462710128e-20 3.495540113026659e-20 1.922171667914821e-18 -8.810391206907088e-19 -2.452167186384028e-02 -1.231990302381913e-03
8.195459096321199e-01 -7.260184817894140e-20 4.817533958270796e-20 1.647228286965342e-18 -1.393130722895813e-18 -1.625606716465770e-02 6.309093493970269e-03
8.300529084735574e-01 -5.594476610523311e-20 5.925911782296212e-20 1.287537277840769e-18 -1.812670672487488e-18 -7.527883740723031e-03 1.403098717801251e-02
8.405599073149949e-01 -3.579481643263206e-20 6.755300922946763e-20 8.600015812859702e-19 -2.113439237431226e-18 1.027638681853767e-03 2.135043028343963e-02
8.510669061564322e-01 -1.359962360973769e-20 7.247943195141929e-20 3.859126659948812e-19 -2.277681798414009e-18 8.836931774889516e-03 2.766836357057519e-02
8.615739049978697e-01 9.079425513330591e-21 7.359105157372426e-20 -1.098378386000936e-19 -2.297201007584721e-18 1.542490094535682e-02 3.242630305398832e-02
8.720809038393071e-01 3.069198009872942e-20 7.062395329593734e-20 -5.999141624011407e-19 -2.173673688623916e-18 2.044098234496201e-02 3.516106367397095e-02
8.825879026807446e-01 4.981403729836914e-20 6.354304839743323e-20 -1.056019058281282e-18 -1.918219675998149e-18 2.367347243015610e-02 3.555242907511572e-02
8.930949015221820e-01 6.524468125899724e-20 5.257326953069106e-20 -1.450619070215255e-18 -1.550312147068586e-18 2.505221399321815e-02 3.345901291989919e-02
9.036019003636194e-01 7.607807652380503e-20 3.821133965045183e-20 -1.758791741042667e-18 -1.096164987477127e-18 2.464065922382024e-02 2.893866032747604e-02
9.141088992050569e-01 8.174774039869707e-20 2.121480252227790e-20 -1.960048591453911e-18 -5.867594554554110e-19 2.261906739949497e-02 2.225118435924677e-02
9.246158980464944e-01 8.204316153171217e-20 2.567334509814153e-21 -2.039976624229443e-18 -5.567978779961815e-20 1.926108956574945e-02 1.384288109127576e-02
9.351228968879317e-01 7.710135129034303e-20 -1.657816680316844e-20 -1.991545999557949e-18 4.630821489855475e-19 1.490623110028120e-02 4.313960940115109e-03
9.456298957293692e-01 6.737765754603506e-20 -3.497488798070523e-20 -1.815952070331399e-18 9.372151892710589e-19 9.930678210033831e-03 -5.628384220957868e-03
9.561368945708066e-01 5.360102746806396e-20 -5.137003119859487e-20 -1.522894118261885e-18 1.337961563251744e-18 4.718761297338979e-03 -1.522723329062748e-02
9.666438934122441e-01 3.671891497091391e-20 -6.459825153269087e-20 -1.130237461597446e-18 1.641696454865276e-18 -3.630422946313110e-04 -2.373851193520012e-02
9.771508922536815e-01 1.783635761160816e-20 -7.367282698963950e-20 -6.630557662435937e-19 1.831165117256221e-18 -4.988132008326094e-03 -3.049340258606921e-02
9.876578910951189e-01 -1.847341819617813e-21 -7.786686497812521e-20 -1.521016551707063e-19 1.896350314933023e-18 -8.886906118797182e-03 -3.495510036754847e-02
9.981648899365564e-01 -2.110209738372800e-20 -7.677760829560255e-20 3.681985150953954e-19 1.834957496339349e-18 -1.185854310581703e-02 -3.676491882207666e-02
1.008671888777994e+00 -3.872947826642889e-20 -7.036823681188832e-20 8.620895690357209e-19 1.652512919828633e-18 -1.377743231363802e-02 -3.577368243420179e-02
1.019178887619431e+00 -5.362350900983514e-20 -5.898331778614346e-20 1.295006317555024e-18 1.362073245568562e-18 -1.459458376926993e-02 -3.205563012495580e-02
1.029685886460869e+00 -6.482931011157596e-20 -4.333606928993896e-20 1.636083452620015e-18 9.835472403820636e-19 -1.433458480776655e-02 -2.590357825535220e-02
1.040192885302306e+00 -7.159858342176955e-20 -2.446770021271344e-20 1.860470321650752e-18 5.426349227341380e-19 -1.308880867643280e-02 -1.780571746851870e-02
1.050699884143744e+00 -7.344004514029845e-20 -3.681126725975058e-21 1.951274471282779e-18 6.939990170739752e-20 -1.100563180487725e-02 -8.406002282891897e-03
1.061206882985181e+00 -7.016180388852087e-20 1.754678489567372e-20 1.900980504159411e-18 -4.034912134981397e-19 -8.278404648413193e-03 1.548501399887999e-03
1.071713881826618e+00 -6.190166315241419e-20 3.766873055788492e-20 1.712224374379021e-18 -8.428024873890784e-19 -5.131872519695292e-03 1.126883778283207e-02
1.082220880668056e+00 -4.914070356142876e-20 5.517929935422552e-20 1.397845636171111e-18 -1.216943646679102e-18 -1.807683403148140e-03 1.998876188494953e-02
1.092727879509493e+00 -3.269553924652620e-20 6.872837032466516e-20 9.801888845676693e-19 -1.498240569833733e-18 1.450429718751273e-03 2.702726261337562e-02
1.103234878350931e+00 -1.368552181758713e-20 7.722744543296877e-20 4.896779561795719e-19 -1.665104600982127e-18 4.411231071459672e-03 3.184375313419838e-02
1.113741877192368e+00 6.527066541230923e-21 7.994088525255220e-20 -3.726054812232535e-20 -1.703922348783580e-18 6.869768183178835e-03 3.408132325960481e-02
1.124248876033806e+00 2.642323513296261e-20 7.655460992125810e-20 -5.607973256646230e-19 -1.610480947530641e-18 8.659781526449188e-03 3.359448740835288e-02
1.134755874875243e+00 4.443623677040008e-20 6.721594259168097e-20 -1.040652136808293e-18 -1.390756585876550e-18 9.664132044687940e-03 3.045919801170847e-02
1.145262873716681e+00 5.907631413863819e-20 5.253990653602685e-20 -1.439189693268380e-18 -1.060928824410738e-18 9.822629730728184e-03 2.496441179483895e-02
1.155769872558118e+00 6.906134484767347e-20 3.357941075673352e-20 -1.724428762848467e-18 -6.465393847760348e-19 9.136670912309899e-03 1.758606429363653e-02
1.166276871399555e+00 7.344128698408636e-20 1.175929978999627e-20 -1.872725581213054e-18 -1.807881406410000e-19 7.670171295394906e-03 8.945791936670755e-03
1.176783870240993e+00 7.170329665221323e-20 -1.122292488680416e-20 -1.870902307030746e-18 2.979555664129915e-19 5.546429295049986e-03 -2.419853441193324e-04
1.187290869082430e+00 6.384482771428122e-20 -3.352396589964694e-20 -1.717619866252293e-18 7.492603654349894e-19 2.940773769337711e-03 -9.230052416889756e-03
1.197797867923868e+00 5.040405739359624e-20 -5.330061979368606e-20 -1.423842040801589e-18 1.134113288066759e-18 6.913492989380849e-05 -1.730033196845866e-02
1.208304866765305e+00 3.244053139871498e-20 -6.886374113129305e-20 -1.012302313514355e-18 1.418466072024823e-18 -2.826991579387079e-03 -2.382252170607370e-02
1.218811865606743e+00 1.146370017452755e-20 -7.882762211001622e-20 -5.159631640659992e-19 1.576506625270174e-18 -5.498368479654865e-03 -2.830453116723620e-02
1.229318864448180e+00 -1.068745300855822e-20 -8.224139066511210e-20 2.445625211246691e-20 1.593315851540747e-18 -7.707479266724374e-03 -3.043056786952279e-02
1.239825863289617e+00 -3.200482690733720e-20 -7.868946902853886e-20 5.637208872958396e-19 1.466608520187566e-18 -9.248208348185535e-03 -3.008382713269376e-02
1.250332862131055e+00 -5.049767845328675e-20 -6.834986642636242e-20 1.055845844175911e-18 1.207331637897655e-18 -9.964143959112022e-03 -2.735209655990564e-02
1.260839860972492e+00 -6.438727682760026e-20 -5.200209229534677e-20 1.458080114230544e-18 8.389990489082625e-19 -9.763865060978217e-03 -2.251607503314494e-02
1.271346859813930e+00 -7.228972744371368e-20 -3.098061192255958e-20 1.734759738597287e-18 3.957668384035246e-19 -8.631681545895239e-03 -1.602169622330371e-02
1.281853858655367e+00 -7.336698962107184e-20 -7.074717473581490e-21 1.860671491832529e-18 -8.061253664027664e-20 -6.632564223812054e-03 -8.439107531407870e-03
1.292360857496805e+00 -6.742843718955231e-20 1.761898569148923e-20 1.823591612574658e-18 -5.446934397061232e-19 -3.910417366626760e-03 -4.120685314844639e-04
1.302867856338242e+00 -5.496979426879659e-20 4.088011036905297e-20 1.625722321143271e-18 -9.517297795357015e-19 -6.793846819276836e-04 7.397697649367973e-03
1.313374855179679e+00 -3.714251197346893e-20 6.056824019494421e-20 1.283838927548544e-18 -1.262120902634223e-18 2.791503760905073e-03 1.436630595103889e-02
1.323881854021117e+00 -1.565399470414237e-20 7.482797089788799e-20 8.280755435593825e-19 -1.445450605492485e-18 6.199396612878973e-03 1.995884610430930e-02
1.334388852862554e+00 7.393269987903394e-21 8.227492581539600e-20 2.994076928770510e-19 -1.483685258398912e-18 9.232851883389907e-03 2.377153817804627e-02
1.344895851703992e+00 2.970855716481743e-20 8.214310808509410e-20 -2.539771589947587e-19 -1.373172031085376e-18 1.159919129181721e-02 2.556146805980836e-02
1.355402850545429e+00 4.904496676781717e-20 7.437677960355351e-20 -7.811089083980961e-19 -1.125195654130759e-18 1.305160311483158e-02 2.526163372263327e-02
1.365909849386867e+00 6.343244732188117e-20 5.965488684022407e-20 -1.233055761707452e-18 -7.650003210952409e-19 1.341349233049656e-02 2.298038576142188e-02
1.376416848228304e+00 7.138665827342996e-20 3.934249285490488e-20 -1.567669982855942e-18 -3.293465094033957e-19 1.259768531082139e-02 1.898575584320721e-02
1.386923847069741e+00 7.207049935167631e-20 1.537111308353570e-20 -1.753778919188166e-18 1.371673339853730e-19 1.061844380132468e-02 1.367650481423458e-02
1.397430845911179e+00 6.538976834355807e-20 -9.942481560297480e-21 -1.774379218434629e-18 5.866493633132014e-19 7.594809708361060e-03 7.542866506051423e-03
1.407937844752616e+00 5.201126496928481e-20 -3.412238832242951e-20 -1.628478452814961e-18 9.728548896203215e-19 3.744544809571206e-03 1.120811274968135e-03
1.418444843594054e+00 3.330000428386782e-20 -5.478243319073878e-20 -1.331356710144314e-18 1.256001197591406e-18 -6.312161389796189e-04 -5.055868709908232e-03
1.428951842435491e+00 1.118110989750619e-20 -6.987217060384695e-20 -9.131791146466155e-19 1.406940322982319e-18 -5.171593364902631e-03 -1.050128051172398e-02
1.439458841276929e+00 -1.205959089489192e-20 -7.789369829743465e-20 -4.160626479636414e-19 1.410236310213930e-18 -9.486032448258196e-03 -1.481692306707882e-02
1.449965840118366e+00 -3.401523565723539e-20 -7.806514024921969e-20 1.101314375234791e-19 1.265807597844577e-18 -1.318828481657553e-02 -1.772162125113659e-02
1.460472838959804e+00 -5.241208603467288e-20 -7.041162421156884e-20 6.128637903599432e-19 9.889485002993090e-19 -1.593128755814024e-02 -1.906956884289760e-02
1.470979837801241e+00 -6.535052161358003e-20 -5.577191074740096e-20 1.042321886308569e-18 6.087194420283172e-19 -1.743972557112429e-02 -1.885533718762740e-02
1.481486836642678e+00 -7.150644055611954e-20 -3.571778033733280e-20 1.356593661038138e-18 1.648740190081839e-19 -1.753715741784303e-02 -1.720596895951775e-02
1.491993835484116e+00 -7.027087285431555e-20 -1.239289178725004e-20 1.526051037959989e-18 -2.963480721770133e-19 -1.616499177734956e-02 -1.436148874588415e-02
1.502500834325553e+00 -6.181239207245058e-20 1.171299332720420e-20 1.536458143647916e-18 -7.271080601334181e-19 -1.339128568003077e-02 -1.064620770924949e-02
1.513007833166991e+00 -4.705547574991832e-20 3.403084701509711e-20 1.390448735096213e-18 -1.083005987454884e-18 -9.408240980067886e-03 -6.433980420818513e-03
1.523514832008428e+00 -2.757733602769582e-20 5.219146764081497e-20 1.107190274673324e-18 -1.327724376031800e-18 -4.518319433749227e-03 -2.111018338313390e-03
1.534021830849866e+00 -5.434842837641705e-21 6.428593242375776e-20 7.202497840327095e-19 -1.436777450876649e-18 8.900200041941031e-04 1.960058624187371e-03
1.544528829691303e+00 1.705905866319276e-20 6.907790571339133e-20 2.738772087177435e-19 -1.399966365821822e-18 6.374942101957550e-03 5.471540486224967e-03
1.555035828532740e+00 3.758447557573695e-20 6.614312293370370e-20 -1.818973733578912e-19 -1.222285816789917e-18 1.147934943481653e-02 8.194539622715415e-03
1.565542827374178e+00 5.406157924286527e-20 5.591916305803972e-20 -5.968170237251055e-19 -9.232000372896692e-19 1.577103848434518e-02 9.993591527541880e-03
1.576049826215615e+00 6.486830489261212e-20 3.965855605478451e-20 -9.259849855140840e-19 -5.343866772246408e-19 1.888118497072876e-02 1.083106603131767e-02
1.586556825057053e+00 6.900510048933369e-20 1.928923848388614e-20 -1.134856754543743e-18 -9.621486964839285e-20 2.053754220494680e-02 1.076158591728561e-02
1.597063823898490e+00 6.618930803785184e-20 -2.802891515553952e-21 -1.203068297143367e-18 3.466401215467802e-19 2.058918907678526e-02 9.917659142797467e-03
1.607570822739928e+00 5.686990343699502e-20 -2.404532817729770e-20 -1.126657807488576e-18 7.499541072111615e-19 1.902043501576922e-02 8.488571809071165e-03
1.618077821581365e+00 4.216242209031161e-20 -4.197360989853233e-20 -9.184176828521914e-19 1.074558836427573e-18 1.595250616607335e-02 6.695179405507470e-03
1.628584820422802e+00 2.371288941863377e-20 -5.451549776400458e-20 -6.063257540913902e-19 1.290297204425139e-18 1.163280174417081e-02 4.763520349105199e-03
1.639091819264240e+00 3.507414436114735e-21 -6.023165413679121e-20 -2.302259921803986e-19 1.378913908229830e-18 6.412706771535791e-03 2.900139099805865e-03
1.649598818105677e+00 -1.635010488712238e-20 -5.848443171015855e-20 1.628668454614269e-19 1.335594229863431e-18 7.160565115932937e-04 1.271662137592794e-03
1.660105816947115e+00 -3.386661539170492e-20 -4.951443520467538e-20 5.243011004998309e-19 1.169020893934586e-18 -4.998744309161358e-03 -9.432416548307544e-06
1.670612815788552e+00 -4.736923647780740e-20 -3.441508785603015e-20 8.095209993979071e-19 8.999872399836535e-19 -1.027933203585885e-02 -8.916963736340009e-04
1.681119814629990e+00 -5.567249807999153e-20 -1.500730729246515e-20 9.833304413611986e-19 5.587646680781605e-19 -1.471885636456833e-02 -1.383964740484777e-03
1.691626813471427e+00 -5.818612707972231e-20 6.371823603215692e-21 1.024069762855593e-18 1.815552566761581e-19 -1.799058131902768e-02 -1.547566872910630e-03
1.702133812312864e+00 -5.495330939481534e-20 2.714222255183795e-20 9.262105284128057e-19 -1.935480551644112e-19 -1.987439184472966e-02 -1.482841870831509e-03
1.712640811154302e+00 -4.661760963961318e-20 4.478410709603664e-20 7.010559464855943e-19 -5.306307492211024e-19 -2.027281604242400e-02 -1.311878584162999e-03
1.723147809995739e+00 -3.432495387406840e-20 5.713587394296280e-20 3.754555238906250e-19 -7.996060816305121e-19 -1.921524317968924e-02 -1.159731550696339e-03
1.733654808837177e+00 -1.957430410215817e-20 6.265134739979165e-20 -1.132381138122444e-20 -9.790596426164623e-19 -1.685021326186822e-02 -1.136424582701724e-03
1.744161807678614e+00 -4.036050439874090e-21 6.058572815373209e-20 -4.122093436736253e-19 -1.058010592234772e-18 -1.342685001205733e-02 -1.321847754383211e-03
1.754668806520052e+00 1.063986622995977e-20 5.108781689658912e-20 -7.778788772340625e-19 -1.036445379459690e-18 -9.267580272032358e-03 -1.755215655269681e-03
1.765175805361489e+00 2.300379004043926e-20 3.518707908967079e-20 -1.062609055899668e-18 -9.246253947712324e-19 -4.735117080214275e-03 -2.430144724263034e-03
1.775682804202927e+00 3.195416964899060e-20 1.467656189797751e-20 -1.229725342814876e-18 -7.413094608623879e-19 -1.971945418819473e-04 -3.295702610526891e-03
1.786189803044364e+00 3.683798695160191e-20 -8.094913091428208e-21 -1.256007555196899e-18 -5.111491744324525e-19 4.007321321215179e-03 -4.263068170568957e-03
1.796696801885801e+00 3.749465127952832e-20 -3.049697295301396e-20 -1.134526267421922e-18 -2.615969632348482e-19 7.597570886148185e-03 -5.216800014012735e-03
1.807203800727239e+00 3.424126660884961e-20 -4.992599072766331e-20 -8.755698938050491e-19 -1.970510986147007e-20 1.037231688247765e-02 -6.029215646242468e-03
1.817710799568676e+00 2.780416917667601e-20 -6.411092256163442e-20 -5.055480536664730e-19 1.908137498249573e-19 1.222215379301787e-02 -6.576083544875063e-03
1.828217798410114e+00 1.920771904724125e-20 -7.138032765232845e-20 -6.399700651443874e-20 3.519450206715562e-19 1.313149704273447e-02 -6.751753072392677e-03
1.838724797251551e+00 9.635811855182339e-21 -7.085876374066699e-20 4.009612583804893e-19 4.529157197780602e-19 1.317067168311638e-02 -6.481990774066397e-03
1.849231796092989e+00 2.839810463858548e-22 -6.256914342742051e-20 8.381704691037829e-19 4.907984834304448e-19 1.247949007309172e-02 -5.733129072294381e-03
1.859738794934426e+00 -7.779912856240053e-21 -4.742887146336452e-20 1.199345863754272e-18 4.701690373311011e-19 1.124459606676913e-02 -4.516615669897713e-03
1.870245793775863e+00 -1.373046981454768e-20 -2.714030869605939e-20 1.444636222799558e-18 4.019220545358091e-19 9.673462769391197e-03 -2.888615272147497e-03
1.880752792617301e+00 -1.706296620186306e-20 -3.988785279115453e-21 1.547185754509813e-18 3.014431002764790e-19 7.968197795922323e-03 -9.448892093637879e-04
1.891259791458738e+00 -1.762809415787578e-20 1.942752494760044e-20 1.496159843049692e-18 1.863977766734373e-19 6.302209609548456e-03 1.188304763347015e-03
1.901766790300176e+00 -1.562201613564126e-20 4.050340519636650e-20 1.297883234432955e-18 7.442714571505624e-20 4.802338707711862e-03 3.366148204881361e-03
1.912273789141613e+00 -1.153603716209282e-20 5.693138782292091e-20 9.749656580997302e-19 -1.897034036297492e-20 3.538316044613758e-03 5.438642026436487e-03
1.922780787983051e+00 -6.074842494817268e-21 6.696908093855502e-20 5.635307526963317e-19 -8.213253611436137e-20 2.520469246787052e-03 7.263966943632897e-03
1.933287786824488e+00 -5.549223868347667e-23 6.963721827271328e-20 1.088903204108546e-19 -1.083336238180440e-19 1.705568497203216e-03 8.720459047908269e-03
1.943794785665925e+00 5.699122101805287e-21 6.482511554426524e-20 -3.398099789611018e-19 -9.620571565592645e-20 1.009711156782585e-03 9.716081312696417e-03
1.954301784507363e+00 1.045896086547051e-20 5.329151848138443e-20 -7.353275625778490e-19 -4.948622975761028e-20 3.263046621978677e-04 1.019462533628500e-02
1.964808783348800e+00 1.366623760661411e-20 3.656155119615443e-20 -1.037755326714248e-18 2.382293689090541e-20 -4.533807464929290e-04 1.013828802994951e-02
1.975315782190238e+00 1.498740458506316e-20 1.673305981260758e-20 -1.219004420810055e-18 1.127335467387762e-19 -1.419886776052204e-03 9.566681623475992e-03
1.985822781031675e+00 1.433367716866191e-20 -3.783444903232054e-21 -1.265812176762611e-18 2.047947132455072e-19 -2.628187380678206e-03 8.532702523157713e-03
1.996329779873113e+00 1.185035605639680e-20 -2.255914144951675e-20 -1.180932696199565e-18 2.876569900866433e-19 -4.085558324417877e-03 7.115965539808594e-03
2.006836778714550e+00 7.879145879795560e-21 -3.743950833476420e-20 -9.823905539653805e-19 3.504854140512301e-19 -5.746303480201297e-03 5.414679646600988e-03
2.017343777555987e+00 2.900747739400081e-21 -4.679964831434078e-20 -7.009138331845426e-19 3.850669720893651e-19 -7.514054286036993e-03 3.536891287142070e-03
2.027850776397425e+00 -2.533128313780760e-21 -4.973162885862928e-20 -3.758823921905043e-19 3.865113645260757e-19 -9.251383245312524e-03 1.591959376320829e-03
2.038357775238862e+00 -7.868690633117973e-21 -4.614171915883698e-20 -5.030412323661914e-20 3.535053819094205e-19 -1.079553263503595e-02 -3.170254567907780e-04
2.048864774080300e+00 -1.261113800492969e-20 -3.674663644257058e-20 2.345553480809010e-19 2.881417907529894e-19 -1.197827137319948e-02 -2.099374442043663e-03
2.059371772921737e+00 -1.637104735940013e-20 -2.297040200176627e-20 4.442288863446125e-19 1.953952100085711e-19 -1.264735339642176e-02 -3.681215746919112e-03
2.069878771763175e+00 -1.889197460564042e-20 -6.755601972224909e-21 5.551753832227108e-19 8.235379904951964e-20 -1.268682662890215e-02 -5.008138764697246e-03
2.080385770604612e+00 -2.005820768049563e-20 9.686753987620412e-21 5.574849277689032e-19 -4.266696098761123e-20 -1.203356087906513e-02 -6.046193465127902e-03
2.090892769446050e+00 -1.988450650685667e-20 2.415725386840150e-20 4.558482659915036e-19 -1.710041848943160e-19 -1.068781196107756e-02 -6.781489817824724e-03
2.101399768287487e+00 -1.849200382407409e-20 3.474308620481506e-20 2.686942399706316e-19 -2.944163835353011e-19 -8.716363756979782e-03 -7.218696367402260e-03
2.111906767128925e+00 -1.607592145636499e-20 4.005409209607580e-20 2.562556844699203e-20 -4.056684502506046e-19 -6.247701629609559e-03 -7.378731834237077e-03
2.122413765970362e+00 -1.287122307863762e-20 3.939108718135458e-20 -2.365083938683900e-19 -4.988988574949117e-19 -3.459658082228711e-03 -7.295894813444551e-03
2.132920764811800e+00 -9.121784215170547e-21 3.282634312581895e-20 -4.783989272841777e-19 -5.697737489193497e-19 -5.609135458887767e-04 -7.014606213963361e-03
2.143427763653237e+00 -5.057274301648191e-21 2.118719751879662e-20 -6.633216970635514e-19 -6.154650698190821e-19 2.231484702560941e-03 -6.585870794009441e-03
2.153934762494674e+00 -8.799979767193519e-22 5.945855065329399e-21 -7.618084625007250e-19 -6.345114209307850e-19 4.715901467742620e-03 -6.063518961807829e-03
2.164441761336112e+00 3.238208919797381e-21 -1.096995953542755e-20 -7.553711773185024e-19 -6.266283280204371e-19 6.728310641256133e-03 -5.500282041107626e-03
2.174948760177549e+00 7.150915517799504e-21 -2.742117231956760e-20 -6.388264375569191e-19 -5.925288794097951e-19 8.160186952191865e-03 -4.943788003727114e-03
2.185455759018986e+00 1.072723413861301e-20 -4.132548211163834e-20 -4.209463039926756e-19 -5.337983159279479e-19 8.969861865025455e-03 -4.432634237624757e-03
2.195962757860424e+00 1.384127825585113e-20 -5.091591530513335e-20 -1.233715149646773e-19 -4.528411810189159e-19 9.185885087214664e-03 -3.992783591799992e-03
2.206469756701861e+00 1.636496394347470e-20 -5.495784058131521e-20 2.220613426939515e-19 -3.528922456259633e-19 8.901893107399949e-03 -3.634617110651950e-03
2.216976755543299e+00 1.816728006467591e-20 -5.289797385544323e-20 5.772327873937277e-19 -2.380580864009136e-19 8.263519021123327e-03 -3.351036043327226e-03
2.227483754384736e+00 1.912162216310088e-20 -4.492763770378387e-20 9.023982973240504e-19 -1.133397479409221e-19 7.448858755032466e-03 -3.117013284740113e-03
2.237990753226174e+00 1.912090195996754e-20 -3.195338199170728e-20 1.161009557290476e-18 1.541825891397110e-20 6.644817989503232e-03 -2.890933392222742e-03
2.248497752067611e+00 1.809824808866314e-20 -1.547964936898821e-20 1.324104269932249e-18 1.416999177017623e-19 6.022201565282413e-03 -2.617924248891691e-03
2.259004750909049e+00 1.604954914806157e-20 2.580970355408469e-21 1.373730108699460e-18 2.586387330944773e-19 5.712604730533564e-03 -2.235178703173499e-03
2.269511749750486e+00 1.305315159432863e-20 2.014555478383086e-20 1.304994108224812e-18 3.594880410028580e-19 5.789995280464621e-03 -1.679010736941291e-03
2.280018748591924e+00 9.281907638309609e-21 3.521672693231880e-20 1.126503394172971e-18 4.382089253335639e-19 6.259353400291522e-03 -8.931189924260963e-04
2.290525747433361e+00 5.003535080088020e-21 4.612473094161188e-20 8.591643578723601e-19 4.901137863269665e-19 7.053920096256245e-03 1.627204234940654e-04
2.301032746274798e+00 5.668195338337751e-22 5.172596750280871e-20 5.335098767808327e-19 5.124805771278641e-19 8.041589417587258e-03 1.504498944905748e-03
2.311539745116236e+00 -3.626658332819900e-21 5.153405050143239e-20 1.859028479929193e-19 5.050416684029527e-19 9.039882922610298e-03 3.117415255935792e-03
2.322046743957673e+00 -7.163175138901636e-21 4.576814620588244e-20 -1.459026703699111e-19 4.702552164502057e-19 9.837896563316569e-03 4.951929783782045e-03
2.332553742799111e+00 -9.665508152536879e-21 3.531383218086379e-20 -4.272898466747268e-19 4.132865202436399e-19 1.022273548679641e-02 6.923278172161191e-03
2.343060741640548e+00 -1.084338735309778e-20 2.160263341316335e-20 -6.308419633216217e-19 3.416603806202804e-19 1.000735710139204e-02 8.914978795222414e-03
2.353567740481985e+00 -1.053859964064834e-20 6.426388836937824e-21 -7.394512020779385e-19 2.645888068706272e-19 9.056501240344539e-03 1.078645198958589e-02
2.364074739323423e+00 -8.757642799250060e-21 -8.289561672974742e-21 -7.481104117873035e-19 1.920256296862905e-19 7.307531758700474e-03 1.238438550252950e-02
2.374581738164860e+00 -5.685970562781836e-21 -2.072564801328740e-20 -6.641933321469392e-19 1.335437667233645e-19 4.783534896849999e-03 1.355698724589677e-02
2.385088737006298e+00 -1.680001729398816e-21 -2.938999348917381e-20 -5.062182363122049e-19 9.716515900956960e-20 1.596860856694287e-03 1.416982504839481e-02
2.395595735847735e+00 2.764070317262585e-21 -3.329583109080965e-20 -3.012766767495603e-19 8.829192350239673e-20 -2.057636815032847e-03 1.412162482129957e-02
2.406102734689173e+00 7.062414641074207e-21 -3.207323474300201e-20 -8.146985943442895e-20 1.088862019422597e-19 -5.919234490155470e-03 1.335823519726497e-02
2.416609733530610e+00 1.061127346507352e-20 -2.600250735190368e-20 1.201893537645560e-19 1.570243291257291e-19 -9.686266745916449e-03 1.188300331089020e-02
2.427116732372048e+00 1.286230924655303e-20 -1.596651776004678e-20 2.738941905022689e-19 2.269100456500503e-19 -1.304678268804077e-02 9.762055534808547e-03
2.437623731213485e+00 1.339604227515302e-20 -3.329392750300083e-21 3.566749694720304e-19 3.093761266045220e-19 -1.571164757617705e-02 7.123425647687614e-03
2.448130730054923e+00 1.198346253082577e-20 1.024201817817269e-20 3.551074822133457e-19 3.928408785499724e-19 -1.744644968507183e-02 4.149582480992491e-03
2.458637728896360e+00 8.626885804262317e-21 2.299068462677874e-20 2.667859640125623e-19 4.646237851179597e-19 -1.809861835317241e-02 1.063618630663396e-03
2.469144727737797e+00 3.573398665459872e-21 3.328893880610154e-20 1.004070593850727e-19 5.124717745142993e-19 -1.761660839131115e-02 -1.889905692708071e-03
2.479651726579235e+00 -2.702453071505235e-21 3.983766733588543e-20 -1.255140321900051e-19 5.261118615239550e-19 -1.605881308567698e-02 -4.467798705341462e-03
2.490158725420672e+00 -9.546140817096887e-21 4.182086408287348e-20 -3.851057298034121e-19 4.986329893401847e-19 -1.359094731965104e-02 -6.452560875345611e-03
2.500665724262110e+00 -1.619615211668271e-20 3.899728890290665e-20 -6.484499928275843e-19 4.275125812806867e-19 -1.047187746577269e-02 -7.675690804981468e-03
2.511172723103547e+00 -2.187425393275565e-20 3.171916343728751e-20 -8.853125274585443e-19 3.151410388309203e-19 -7.029131373787136e-03 -8.037415763852340e-03
2.521679721944984e+00 -2.588209288838836e-20 2.087710963036032e-20 -1.068824151635002e-18 1.687561848203193e-19 -3.626462656331879e-03 -7.520520093122918e-03
2.532186720786422e+00 -2.769188256413043e-20 7.779718325494626e-21 -1.178661668778749e-18 -2.275648711806723e-22 -6.267432664924255e-04 -6.196446356786778e-03
2.542693719627859e+00 -2.701918389986885e-20 -6.015921225800380e-21 -1.203349656325948e-18 -1.774328782483828e-19 1.645982423293582e-03 -4.222573926877702e-03
2.553200718469297e+00 -2.386764466410779e-20 -1.890066125629607e-20 -1.141422789959917e-18 -3.471412612448376e-19 2.941293073706702e-03 -1.830466960032757e-03
2.563707717310734e+00 -1.853883729107132e-20 -2.941177051236286e-20 -1.001335884806426e-18 -4.941308397840040e-19 3.110313600948511e-03 6.941629124210564e-04
2.574214716152172e+00 -1.160463393845027e-20 -3.640881482042676e-20 -8.001666401392651e-19 -6.055039980226529e-19 2.123708715444741e-03 3.038116679709835e-03
2.584721714993609e+00 -3.844346092715100e-21 -3.920567883296516e-20 -5.613042103687904e-19 -6.722729819450591e-19 7.768244056173311e-05 4.891549263025518e-03
2.595228713835047e+00 3.846485773103860e-21 -3.764340070358909e-20 -3.114369816540215e-19 -6.904958913879054e-19 -2.812862030745798e-03 5.979999587959266e-03
2.605735712676484e+00 1.056485931964850e-20 -3.209619783100311e-20 -7.723104521806841e-20 -6.618075222950635e-19 -6.233530509588728e-03 6.094362073041151e-03
2.616242711517921e+00 1.551322211991370e-20 -2.341153485063970e-20 1.178818039283357e-19 -5.932632426420682e-19 -9.800263685438520e-03 5.115630758188816e-03
2.626749710359359e+00 1.810216798113657e-20 -1.279324896358028e-20 2.564132052872583e-19 -4.965004227639349e-19 -1.309692302249914e-02 3.031661600458159e-03
2.637256709200796e+00 1.802945219698208e-20 -1.643591581541678e-21 3.287048834260671e-19 -3.863099299561101e-19 -1.571695748292408e-02 -5.608539480775851e-05
2.647763708042234e+00 1.532453014988021e-20 8.615251660311009e-21 3.337846056758779e-19 -2.787883844600791e-19 -1.730502058827510e-02 -3.936911629361962e-03
2.658270706883671e+00 1.035196714582108e-20 1.671757018519756e-20 2.791174239128724e-19 -1.892998175682816e-19 -1.759437207498107e-02 -8.306348241383949e-03
2.668777705725109e+00 3.772181643351964e-21 2.170670147628828e-20 1.793177438863066e-19 -1.305050416945945e-19 -1.643628209160580e-02 -1.279159960059876e-02
2.679284704566546e+00 -3.536572064299712e-21 2.304550803327948e-20 5.401515311847123e-20 -1.107139246620365e-19 -1.381841873145857e-02 -1.698479601167492e-02
2.689791703407983e+00 -1.058600060380430e-20 2.067217564904917e-20 -7.483339336329161e-20 -1.327795273572073e-19 -9.870263816008206e-03 -2.048104479259599e-02
2.700298702249421e+00 -1.640232569015439e-20 1.499583379226731e-20 -1.858321076900515e-19 -1.936876959607265e-19 -4.854859744769407e-03 -2.291770749243202e-02
2.710805701090858e+00 -2.015211147203404e-20 6.834069757979362e-21 -2.608680948257156e-19 -2.849090492403007e-19 8.524838692410426e-04 -2.401111503857071e-02
2.721312699932296e+00 -2.125334788244350e-20 -2.698486701908298e-21 -2.873303175285469e-19 -3.934831380530431e-19 6.796632222634837e-03 -2.358708920397266e-02
2.731819698773733e+00 -1.945727677363809e-20 -1.233555921635929e-20 -2.595623035946476e-19 -5.037092156188382e-19 1.248324779339620e-02 -2.160215729644426e-02
2.742326697615171e+00 -1.488983510170639e-20 -2.081988737601308e-20 -1.793881869814139e-19 -5.992368711005801e-19 1.742383759926358e-02 -1.815317987820439e-02
2.752833696456608e+00 -8.046461891394838e-21 -2.705908930666690e-20 -5.567165647401637e-20 -6.652934645306269e-19 2.118104441663494e-02 -1.347417904803149e-02
2.763340695298046e+00 2.602227175124129e-22 -3.025780777239074e-20 9.701114561445148e-20 -6.907615555796700e-19 2.340997482669694e-02 -7.920353819996291e-03
2.773847694139483e+00 8.994426417671715e-21 -3.001065472313423e-20 2.603958698300098e-19 -6.698319784039793e-19 2.389172678803342e-02 -1.940482437567076e-03
2.784354692980920e+00 1.702209130858455e-20 -2.634568425203212e-20 4.149810967434819e-19 -6.030059286791257e-19 2.255600461959590e-02 3.959979493455433e-03
2.794861691822358e+00 2.325182567053619e-20 -1.971442171100838e-20 5.425904605730590e-19 -4.972969191788098e-19 1.949071590174051e-02 9.261899609788441e-03
2.805368690663795e+00 2.677470904021654e-20 -1.093104768929589e-20 6.287243590460267e-19 -3.655813689128815e-19 1.493763388499584e-02 1.347776571678260e-02
2.815875689505233e+00 2.698565292057997e-20 -1.069366565934785e-21 6.644138493763696e-19 -2.251528334395630e-19 9.274466741403458e-03 1.619523665736013e-02
2.826382688346670e+00 2.367099339722662e-20 8.669034749441013e-21 6.473573294805859e-19 -9.563616581298562e-20 2.984884143985323e-03 1.711504405488567e-02
2.836889687188108e+00 1.705091824665159e-20 1.709904347262128e-20 5.822131357217095e-19 3.498600529808817e-21 -3.380897223914311e-03 1.607984563086159e-02
2.847396686029545e+00 7.770715908337084e-21 2.319138703112350e-20 4.800261488539065e-19 5.552783890599174e-20 -9.251566071316521e-03 1.309144895793569e-02
2.857903684870982e+00 -3.158984816823284e-21 2.619099096406039e-20 3.568707504099682e-19 4.885725787301904e-20 -1.408231730140645e-02 8.314877020464658e-03
2.868410683712420e+00 -1.446660395402528e-20 2.570126352804518e-20 2.318835058884344e-19 -2.109880715283939e-20 -1.740057515331019e-02 2.068932004587775e-03
2.878917682553857e+00 -2.475678099660089e-20 2.172570577160600e-20 1.249264044701459e-19 -1.507811367524919e-19 -1.884602750426533e-02 -5.195882038114026e-03
2.889424681395295e+00 -3.266444109755869e-20 1.466351815074161e-20 5.415830863309566e-20 -3.282464153542168e-19 -1.820169635753480e-02 -1.293010731710095e-02
2.899931680236732e+00 -3.700776743655926e-20 5.261284884609985e-21 3.379542957627593e-20 -5.338742681098828e-19 -1.541356947656851e-02 -2.052586868400595e-02
2.910438679078170e+00 -3.692218604262378e-20 -5.472286088845753e-21 7.231229785258081e-20 -7.419583736743564e-19 -1.059730329848614e-02 -2.736168340143402e-02
2.920945677919607e+00 -3.195975199529968e-20 -1.637775846004567e-20 1.712778140692337e-19 -9.230152236120337e-19 -4.031586487224768e-03 -3.284773108511651e-02
2.931452676761044e+00 -2.214250863610961e-20 -2.626931314708814e-20 3.249445117768788e-19 -1.046559770223217e-18 3.861168178210190e-03 -3.646782732202999e-02
2.941959675602482e+00 -7.963948847166049e-21 -3.405812720542321e-20 5.206229660710056e-19 -1.084043107012402e-18 1.254514841587144e-02 -3.781474283230258e-02
2.952466674443919e+00 9.661057122898388e-21 -3.886175846072149e-20 7.397877043118594e-19 -1.011629964490985e-18 2.141000906732280e-02 -3.661620408390009e-02
2.962973673285357e+00 2.949136877878517e-20 -4.008880119240837e-20 9.597856403448707e-19 -8.125150719207296e-19 2.981521364706856e-02 -3.274982755575728e-02
2.973480672126794e+00 5.008794902287902e-20 -3.749140327601182e-20 1.155960722988842e-18 -4.785343926938787e-19 3.713645381978656e-02 -2.624628518866171e-02
2.983987670968232e+00 6.995997931104311e-20 -3.118212506146756e-20 1.303974267464013e-18 -1.091250813209281e-20 4.281069451049602e-02 -1.728106952499145e-02
2.994494669809669e+00 8.771140148684764e-20 -2.161557810741336e-20 1.382091364128362e-18 5.799098564458953e-19 4.637660029496338e-02 -6.156220277722057e-03
3.005001668651107e+00 1.021709493437896e-19 -9.538846573592068e-21 1.373218818144126e-18 1.275316934623626e-18 4.750753814098344e-02 6.725803494452077e-03
3.015508667492544e+00 1.124912026691228e-19 4.082504224708412e-21 1.266515595077774e-18 2.050278025607050e-18 4.603497477048003e-02 2.089334364399728e-02
3.026015666333981e+00 1.182064167669591e-19 1.815422850277335e-20 1.058447100902805e-18 2.875599489778907e-18 4.196083569434952e-02 3.583880822857662e-02
3.036522665175419e+00 1.192442900399594e-19 3.154970087264141e-20 7.532131050609987e-19 3.720394186998526e-18 3.545820448685357e-02 5.105095871805603e-02
3.047029664016856e+00 1.158927235627383e-19 4.320374269110538e-20 3.625388747964706e-19 4.554482017919483e-18 2.686055320268482e-02 6.604351586127211e-02
3.057536662858294e+00 1.087282379463319e-19 5.219619731386755e-20 -9.512600904751795e-20 5.350459439771103e-18 1.664045186408824e-02 8.037795293062137e-02
3.068043661699731e+00 9.851732685390099e-20 5.781927954466559e-20 -5.959114051312924e-19 6.085232162171072e-18 5.379360002782105e-03 9.367910121992024e-02
3.078550660541169e+00 8.610506290482949e-20 5.962483176002881e-20 -1.112210522726399e-18 6.740885618856836e-18 -6.269378497934796e-03 1.056430480562832e-01
3.089057659382606e+00 7.230636120787468e-20 5.744974198660776e-20 -1.614602659439368e-18 7.304861196761856e-18 -1.762185659948029e-02 1.160376691920505e-01
3.099564658224043e+00 5.781433691766383e-20 5.141967680002204e-20 -2.073867677658965e-18 7.769500002073213e-18 -2.800656969064730e-02 1.246969139057950e-01
3.110071657065481e+00 4.313732503740635e-20 4.193279117819387e-20 -2.462950656884950e-18 8.131097711151360e-18 -3.680632977659408e-02 1.315105721534460e-01
3.120578655906918e+00 2.857177023608010e-20 2.962612597360739e-20 -2.758749305976150e-18 8.388673122350595e-18 -4.349656452283653e-02 1.364116375873517e-01
3.131085654748356e+00 1.421294202308609e-20 1.532800670109788e-20 -2.943616613467743e-18 8.542681886123585e-18 -4.767770804399507e-02 1.393635024536679e-01
3.141592653589793e+00 0.000000000000000e+00 0.000000000000000e+00 -3.006494264920814e-18 8.593902169863711e-18 -4.909977745443061e-02 1.403490733139900e-01
