freq(Hz)	1.50e+09	eps_r	100000000.0	mu_r	0.0	sigma	0.00e+00
theta(rad)	RCS(m^2)
0.000000000e+00	2.020254193e+02
1.050699884e-02	2.007273928e+02
2.101399768e-02	1.968794595e+02
3.152099652e-02	1.906174942e+02
4.202799537e-02	1.821595963e+02
5.253499421e-02	1.717941912e+02
6.304199305e-02	1.598645937e+02
7.354899189e-02	1.467511280e+02
8.405599073e-02	1.328520412e+02
9.456298957e-02	1.185644920e+02
1.050699884e-01	1.042668282e+02
1.155769873e-01	9.030321155e+01
1.260839861e-01	7.697141241e+01
1.365909849e-01	6.451430376e+01
1.470979838e-01	5.311527289e+01
1.576049826e-01	4.289745517e+01
1.681119815e-01	3.392641543e+01
1.786189803e-01	2.621567708e+01
1.891259791e-01	1.973434524e+01
1.996329780e-01	1.441599578e+01
2.101399768e-01	1.016800919e+01
2.206469757e-01	6.880606886e+00
2.311539745e-01	4.434985968e+00
2.416609734e-01	2.710125647e+00
2.521679722e-01	1.588033727e+00
2.626749710e-01	9.573927596e-01
2.731819699e-01	7.157329258e-01
2.836889687e-01	7.703871156e-01
2.941959676e-01	1.038563162e+00
3.047029664e-01	1.446895219e+00
3.152099652e-01	1.930813558e+00
3.257169641e-01	2.434007867e+00
3.362239629e-01	2.908165941e+00
3.467309618e-01	3.313062399e+00
3.572379606e-01	3.616966317e+00
3.677449595e-01	3.797246668e+00
3.782519583e-01	3.840991450e+00
3.887589571e-01	3.745427659e+00
3.992659560e-01	3.517937077e+00
4.097729548e-01	3.175504853e+00
4.202799537e-01	2.743507237e+00
4.307869525e-01	2.253831516e+00
4.412939513e-01	1.742413223e+00
4.518009502e-01	1.246360624e+00
4.623079490e-01	8.009030803e-01
4.728149479e-01	4.364394299e-01
4.833219467e-01	1.759696234e-01
4.938289455e-01	3.316641714e-02
5.043359444e-01	1.128666141e-02
5.148429432e-01	1.030402555e-01
5.253499421e-01	2.914384680e-01
5.358569409e-01	5.515430712e-01
5.463639398e-01	8.529449678e-01
5.568709386e-01	1.162726105e+00
5.673779374e-01	1.448609711e+00
5.778849363e-01	1.681986467e+00
5.883919351e-01	1.840519801e+00
5.988989340e-01	1.910079962e+00
6.094059328e-01	1.885828581e+00
6.199129316e-01	1.772364858e+00
6.304199305e-01	1.582941582e+00
6.409269293e-01	1.337853409e+00
6.514339282e-01	1.062181308e+00
6.619409270e-01	7.831376347e-01
6.724479259e-01	5.272899477e-01
6.829549247e-01	3.179458663e-01
6.934619235e-01	1.729561571e-01
7.039689224e-01	1.031425543e-01
7.144759212e-01	1.114865075e-01
7.249829201e-01	1.931331305e-01
7.354899189e-01	3.361799693e-01
7.459969177e-01	5.231416862e-01
7.565039166e-01	7.329172537e-01
7.670109154e-01	9.430419159e-01
7.775179143e-01	1.131985785e+00
7.880249131e-01	1.281265662e+00
7.985319119e-01	1.377165004e+00
8.090389108e-01	1.411905025e+00
8.195459096e-01	1.384171950e+00
8.300529085e-01	1.298974526e+00
8.405599073e-01	1.166874593e+00
8.510669062e-01	1.002694950e+00
8.615739050e-01	8.238568152e-01
8.720809038e-01	6.485297666e-01
8.825879027e-01	4.937877124e-01
8.930949015e-01	3.739551002e-01
9.036019004e-01	2.993001000e-01
9.141088992e-01	2.751895244e-01
9.246158980e-01	3.017687354e-01
9.351228969e-01	3.741743750e-01
9.456298957e-01	4.832342329e-01
9.561368946e-01	6.165621983e-01
9.666438934e-01	7.599213488e-01
9.771508923e-01	8.987077034e-01
9.876578911e-01	1.019402341e+00
9.981648899e-01	1.110850132e+00
1.008671889e+00	1.165247406e+00
1.019178888e+00	1.178755368e+00
1.029685886e+00	1.151697043e+00
1.040192885e+00	1.088338528e+00
1.050699884e+00	9.962960709e-01
1.061206883e+00	8.856449755e-01
1.071713882e+00	7.678316528e-01
1.082220881e+00	6.545041259e-01
1.092727880e+00	5.563783684e-01
1.103234878e+00	4.822483481e-01
1.113741877e+00	4.382281882e-01
1.124248876e+00	4.272878698e-01
1.134755875e+00	4.491124288e-01
1.145262874e+00	5.002819447e-01
1.155769873e+00	5.747390025e-01
1.166276871e+00	6.644845643e-01
1.176783870e+00	7.604245074e-01
1.187290869e+00	8.532788678e-01
1.197797868e+00	9.344645456e-01
1.208304867e+00	9.968695064e-01
1.218811866e+00	1.035451139e+00
1.229318864e+00	1.047611609e+00
1.239825863e+00	1.033326538e+00
1.250332862e+00	9.950277034e-01
1.260839861e+00	9.372634049e-01
1.271346860e+00	8.661795624e-01
1.281853859e+00	7.888788891e-01
1.292360857e+00	7.127236520e-01
1.302867856e+00	6.446491317e-01
1.313374855e+00	5.905502124e-01
1.323881854e+00	5.547933756e-01
1.334388853e+00	5.398920007e-01
1.344895852e+00	5.463658735e-01
1.355402851e+00	5.727878964e-01
1.365909849e+00	6.160038565e-01
1.376416848e+00	6.714962691e-01
1.386923847e+00	7.338519704e-01
1.397430846e+00	7.972860914e-01
1.407937845e+00	8.561726818e-01
1.418444844e+00	9.055344749e-01
1.428951842e+00	9.414506153e-01
1.439458841e+00	9.613507831e-01
1.449965840e+00	9.641759738e-01
1.460472839e+00	9.503990536e-01
1.470979838e+00	9.219108914e-01
1.481486837e+00	8.817892747e-01
1.491993835e+00	8.339770219e-01
1.502500834e+00	7.829020514e-01
1.513007833e+00	7.330752765e-01
1.523514832e+00	6.887020244e-01
1.534021831e+00	6.533394330e-01
1.544528830e+00	6.296264569e-01
1.555035829e+00	6.191053753e-01
1.565542827e+00	6.221448275e-01
1.576049826e+00	6.379652374e-01
1.586556825e+00	6.647588246e-01
1.597063824e+00	6.998889359e-01
1.607570823e+00	7.401477151e-01
1.618077822e+00	7.820475263e-01
1.628584820e+00	8.221202167e-01
1.639091819e+00	8.571992043e-01
1.649598818e+00	8.846622838e-01
1.660105817e+00	9.026175820e-01
1.670612816e+00	9.100207793e-01
1.681119815e+00	9.067180039e-01
1.691626813e+00	8.934151452e-01
1.702133812e+00	8.715802010e-01
1.712640811e+00	8.432902356e-01
1.723147810e+00	8.110382341e-01
1.733654809e+00	7.775173896e-01
1.744161808e+00	7.454010737e-01
1.754668807e+00	7.171359601e-01
1.765175805e+00	6.947636748e-01
1.775682804e+00	6.797831748e-01
1.786189803e+00	6.730621499e-01
1.796696802e+00	6.748014454e-01
1.807203801e+00	6.845521808e-01
1.817710800e+00	7.012812308e-01
1.828217798e+00	7.234773227e-01
1.838724797e+00	7.492874076e-01
1.849231796e+00	7.766713258e-01
1.859738795e+00	8.035621597e-01
1.870245794e+00	8.280200302e-01
1.880752793e+00	8.483683462e-01
1.891259791e+00	8.633034998e-01
1.901766790e+00	8.719715182e-01
1.912273789e+00	8.740080076e-01
1.922780788e+00	8.695406282e-01
1.933287787e+00	8.591560990e-01
1.943794786e+00	8.438361613e-01
1.954301785e+00	8.248688784e-01
1.964808783e+00	8.037430016e-01
1.975315782e+00	7.820338496e-01
1.985822781e+00	7.612892113e-01
1.996329780e+00	7.429232456e-01
2.006836779e+00	7.281252859e-01
2.017343778e+00	7.177889876e-01
2.027850776e+00	7.124655057e-01
2.038357775e+00	7.123425051e-01
2.048864774e+00	7.172489240e-01
2.059371773e+00	7.266836667e-01
2.069878772e+00	7.398648950e-01
2.080385771e+00	7.557954150e-01
2.090892769e+00	7.733388611e-01
2.101399768e+00	7.913009963e-01
2.111906767e+00	8.085104702e-01
2.122413766e+00	8.238937695e-01
2.132920765e+00	8.365398111e-01
2.143427764e+00	8.457505944e-01
2.153934762e+00	8.510754619e-01
2.164441761e+00	8.523277314e-01
2.174948760e+00	8.495836771e-01
2.185455759e+00	8.431649661e-01
2.195962758e+00	8.336066396e-01
2.206469757e+00	8.216135092e-01
2.216976756e+00	8.080083842e-01
2.227483754e+00	7.936758382e-01
2.237990753e+00	7.795052595e-01
2.248497752e+00	7.663367347e-01
2.259004751e+00	7.549129028e-01
2.269511750e+00	7.458393507e-01
2.280018749e+00	7.395554237e-01
2.290525747e+00	7.363165714e-01
2.301032746e+00	7.361885748e-01
2.311539745e+00	7.390532633e-01
2.322046744e+00	7.446246706e-01
2.332553743e+00	7.524740274e-01
2.343060742e+00	7.620615806e-01
2.353567740e+00	7.727729624e-01
2.364074739e+00	7.839577311e-01
2.374581738e+00	7.949677450e-01
2.385088737e+00	8.051932055e-01
2.395595736e+00	8.140944988e-01
2.406102735e+00	8.212283329e-01
2.416609734e+00	8.262671021e-01
2.427116732e+00	8.290108647e-01
2.437623731e+00	8.293917715e-01
2.448130730e+00	8.274712099e-01
2.458637729e+00	8.234302987e-01
2.469144728e+00	8.175546779e-01
2.479651727e+00	8.102147641e-01
2.490158725e+00	8.018427906e-01
2.500665724e+00	7.929080121e-01
2.511172723e+00	7.838914432e-01
2.521679722e+00	7.752614128e-01
2.532186721e+00	7.674510813e-01
2.542693720e+00	7.608388793e-01
2.553200718e+00	7.557326167e-01
2.563707717e+00	7.523577781e-01
2.574214716e+00	7.508502898e-01
2.584721715e+00	7.512538144e-01
2.595228714e+00	7.535214255e-01
2.605735713e+00	7.575213239e-01
2.616242712e+00	7.630461085e-01
2.626749710e+00	7.698249864e-01
2.637256709e+00	7.775382237e-01
2.647763708e+00	7.858330823e-01
2.658270707e+00	7.943404707e-01
2.668777706e+00	8.026915492e-01
2.679284705e+00	8.105335720e-01
2.689791703e+00	8.175443211e-01
2.700298702e+00	8.234445752e-01
2.710805701e+00	8.280081721e-01
2.721312700e+00	8.310693466e-01
2.731819699e+00	8.325271588e-01
2.742326698e+00	8.323469681e-01
2.752833696e+00	8.305590393e-01
2.763340695e+00	8.272544954e-01
2.773847694e+00	8.225789409e-01
2.784354693e+00	8.167241737e-01
2.794861692e+00	8.099184674e-01
2.805368691e+00	8.024159513e-01
2.815875690e+00	7.944856216e-01
2.826382688e+00	7.864005053e-01
2.836889687e+00	7.784274504e-01
2.847396686e+00	7.708179509e-01
2.857903685e+00	7.638003280e-01
2.868410684e+00	7.575734898e-01
2.878917683e+00	7.523023902e-01
2.889424681e+00	7.481152020e-01
2.899931680e+00	7.451021280e-01
2.910438679e+00	7.433156932e-01
2.920945678e+00	7.427722989e-01
2.931452677e+00	7.434547833e-01
2.941959676e+00	7.453157134e-01
2.952466674e+00	7.482811399e-01
2.962973673e+00	7.522545720e-01
2.973480672e+00	7.571209650e-01
2.983987671e+00	7.627505678e-01
2.994494670e+00	7.690025255e-01
3.005001669e+00	7.757281889e-01
3.015508667e+00	7.827741254e-01
3.026015666e+00	7.899848626e-01
3.036522665e+00	7.972054192e-01
3.047029664e+00	8.042836846e-01
3.057536663e+00	8.110727062e-01
3.068043662e+00	8.174329279e-01
3.078550661e+00	8.232343989e-01
3.089057659e+00	8.283589454e-01
3.099564658e+00	8.327022706e-01
3.110071657e+00	8.361759256e-01
3.120578656e+00	8.387090766e-01
3.131085655e+00	8.402499896e-01
3.141592654e+00	8.407671549e-01
