frequency = 2997924585.809468 Hz; phi = 0 rad
theta(rad) Re(E_r) Im(E_r) Re(E_theta) Im(E_theta) Re(E_phi) Im(E_phi)
0.000000000000000e+00 0.000000000000000e+00 0.000000000000000e+00 -4.634404203094571e-01 -6.684910361627187e-01 0.000000000000000e+00 0.000000000000000e+00
1.050699884143744e-02 2.513986300786883e-03 -2.661391913119978e-03 -4.546162913132758e-01 -6.603754282660139e-01 0.000000000000000e+00 0.000000000000000e+00
2.101399768287487e-02 4.909596853130090e-03 -5.130617666423587e-03 -4.287750673917084e-01 -6.364083971729060e-01 0.000000000000000e+00 0.000000000000000e+00
3.152099652431230e-02 7.075174662607002e-03 -7.232130719886118e-03 -3.877560099417555e-01 -5.977079009433418e-01 0.000000000000000e+00 0.000000000000000e+00
4.202799536574974e-02 8.912115281837434e-03 -8.822040689148844e-03 -3.344489358689818e-01 -5.460670206032018e-01 0.000000000000000e+00 0.000000000000000e+00
5.253499420718718e-02 1.034044840076227e-02 -9.800144571552311e-03 -2.725482609903390e-01 -4.838528901417845e-01 0.000000000000000e+00 0.000000000000000e+00
6.304199304862461e-02 1.130333549737274e-02 -1.011783501340930e-02 -2.062417853338775e-01 -4.138734078969818e-01 0.000000000000000e+00 0.000000000000000e+00
7.354899189006205e-02 1.177020504155918e-02 -9.781183878705831e-03 -1.398632983668943e-01 -3.392194762196641e-01 0.000000000000000e+00 0.000000000000000e+00
8.405599073149948e-02 1.173831715539635e-02 -8.848982564105641e-03 -7.754109344630003e-02 -2.630920689551210e-01 0.000000000000000e+00 0.000000000000000e+00
9.456298957293692e-02 1.123263576875771e-02 -7.426020088882928e-03 -2.287430849886893e-02 -1.886244891008070e-01 0.000000000000000e+00 0.000000000000000e+00
1.050699884143744e-01 1.030398539290083e-02 -5.652343831639869e-03 2.133428558433148e-02 -1.187106598101584e-01 -0.000000000000000e+00 0.000000000000000e+00
1.155769872558118e-01 9.025577273768987e-03 -3.689628172788894e-03 5.326646303577278e-02 -5.585012025085551e-02 -0.000000000000000e+00 0.000000000000000e+00
1.260839860972492e-01 7.488099803398721e-03 -1.706035033558360e-03 7.218321679207193e-02 -2.019535688771151e-03 -0.000000000000000e+00 0.000000000000000e+00
1.365909849386867e-01 5.793673096830893e-03 1.389372633245725e-04 7.842078585938017e-02 4.142101654603204e-02 0.000000000000000e+00 -0.000000000000000e+00
1.470979837801241e-01 4.049059029626592e-03 1.708162894023004e-03 7.329246537486522e-02 7.378090075933898e-02 0.000000000000000e+00 -0.000000000000000e+00
1.576049826215615e-01 2.358587003126172e-03 2.897890699167390e-03 5.890946402977410e-02 9.504752694485588e-02 0.000000000000000e+00 -0.000000000000000e+00
1.681119814629990e-01 8.172942257664255e-04 3.645087948984679e-03 3.794129883430616e-02 1.058503631651230e-01 0.000000000000000e+00 -0.000000000000000e+00
1.786189803044364e-01 -4.952188852374481e-04 3.930574178363807e-03 1.334114784632184e-02 1.073832013907165e-01 0.000000000000000e+00 -0.000000000000000e+00
1.891259791458738e-01 -1.519755961365814e-03 3.777836511127764e-03 -1.193620751618235e-02 1.012906043794204e-01 0.000000000000000e+00 0.000000000000000e+00
1.996329779873113e-01 -2.220930924788702e-03 3.247855827571564e-03 -3.519685516888604e-02 8.952718207789391e-02 0.000000000000000e+00 0.000000000000000e+00
2.101399768287487e-01 -2.588744242938239e-03 2.430660182429789e-03 -5.422695338585768e-02 7.420046019221065e-02 0.000000000000000e+00 0.000000000000000e+00
2.206469756701862e-01 -2.638203110868526e-03 1.434619098635869e-03 -6.745050599003449e-02 5.740940296998523e-02 0.000000000000000e+00 0.000000000000000e+00
2.311539745116236e-01 -2.407019087537627e-03 3.746717551281136e-04 -7.401464822043637e-02 4.109099005815812e-02 0.000000000000000e+00 0.000000000000000e+00
2.416609733530610e-01 -1.951579039833480e-03 -6.392706533830005e-04 -7.379922523270267e-02 2.688655757952552e-02 0.000000000000000e+00 0.000000000000000e+00
2.521679721944984e-01 -1.341535065850995e-03 -1.512592492294087e-03 -6.735519574103364e-02 1.603792360207047e-02 0.000000000000000e+00 0.000000000000000e+00
2.626749710359359e-01 -6.534815052256882e-04 -2.173956621199083e-03 -5.578324643771193e-02 9.320751665705750e-03 0.000000000000000e+00 0.000000000000000e+00
2.731819698773733e-01 3.573067015398340e-05 -2.580339549117107e-03 -4.056928794513811e-02 7.019375937208993e-03 0.000000000000000e+00 0.000000000000000e+00
2.836889687188108e-01 6.554592000860711e-04 -2.718801766773721e-03 -2.339674859404475e-02 8.943702718176412e-03 0.000000000000000e+00 0.000000000000000e+00
2.941959675602482e-01 1.146954346190618e-03 -2.605037077917820e-03 -5.956558177809733e-03 1.448514596105794e-02 0.000000000000000e+00 0.000000000000000e+00
3.047029664016856e-01 1.467774882735371e-03 -2.279080711475956e-03 1.022555461166315e-02 2.270519292692785e-02 0.000000000000000e+00 -0.000000000000000e+00
3.152099652431231e-01 1.594571903097811e-03 -1.798831967659606e-03 2.392807412965936e-02 3.244745184502516e-02 0.000000000000000e+00 -0.000000000000000e+00
3.257169640845605e-01 1.524033419626852e-03 -1.232236355264927e-03 3.432740164431657e-02 4.246217179448276e-02 0.000000000000000e+00 -0.000000000000000e+00
3.362239629259979e-01 1.271960000498528e-03 -6.490587518771276e-04 4.104030188794473e-02 5.153142588939046e-02 0.000000000000000e+00 -0.000000000000000e+00
3.467309617674353e-01 8.706209867176490e-04 -1.131593807513150e-04 4.411505159172386e-02 5.858348590151958e-02 0.000000000000000e+00 -0.000000000000000e+00
3.572379606088728e-01 3.647038011960462e-04 3.239333333973037e-04 4.397674265482916e-02 6.278634774116901e-02 0.000000000000000e+00 -0.000000000000000e+00
3.677449594503102e-01 -1.937013248166547e-04 6.275559040590221e-04 4.133670034787092e-02 6.361273820866967e-02 0.000000000000000e+00 -0.000000000000000e+00
3.782519582917477e-01 -7.505556232154391e-04 7.822013362932174e-04 3.707907250952482e-02 6.087199260400949e-02 0.000000000000000e+00 -0.000000000000000e+00
3.887589571331851e-01 -1.255211214736324e-03 7.914926811138722e-04 3.213908570558732e-02 5.470761815336760e-02 0.000000000000000e+00 -0.000000000000000e+00
3.992659559746226e-01 -1.665111097020637e-03 6.760233591005977e-04 2.738720511922186e-02 4.556279194305057e-02 0.000000000000000e+00 -0.000000000000000e+00
4.097729548160600e-01 -1.949408125109407e-03 4.694716161823128e-04 2.353162537727928e-02 3.411912930883237e-02 0.000000000000000e+00 -0.000000000000000e+00
4.202799536574974e-01 -2.091188613485919e-03 2.135579961010221e-04 2.104847220314773e-02 2.121648623107368e-02 0.000000000000000e+00 -0.000000000000000e+00
4.307869524989348e-01 -2.088143193992491e-03 -4.749898063335297e-05 2.014524026538860e-02 7.763089730807349e-03 0.000000000000000e+00 -0.000000000000000e+00
4.412939513403723e-01 -1.951696853953957e-03 -2.723673150074615e-04 2.075882269067240e-02 -5.354212826728973e-03 0.000000000000000e+00 0.000000000000000e+00
4.518009501818097e-01 -1.704772975979810e-03 -4.272332532722016e-04 2.258549527252120e-02 -1.735035255782939e-02 0.000000000000000e+00 0.000000000000000e+00
4.623079490232472e-01 -1.378504995066478e-03 -4.892179372111474e-04 2.513684067116578e-02 -2.760537132020984e-02 -0.000000000000000e+00 0.000000000000000e+00
4.728149478646846e-01 -1.008309244849244e-03 -4.482899450481775e-04 2.781316992511638e-02 -3.570525330792817e-02 -0.000000000000000e+00 0.000000000000000e+00
4.833219467061221e-01 -6.297835719819534e-04 -3.075775773547852e-04 2.998472164423160e-02 -4.145758740791534e-02 -0.000000000000000e+00 0.000000000000000e+00
4.938289455475595e-01 -2.748939695527227e-04 -8.217359058952840e-05 3.107084692493995e-02 -4.488231826400629e-02 -0.000000000000000e+00 0.000000000000000e+00
5.043359443889969e-01 3.114242249721260e-05 2.033116303897391e-04 3.060843068942238e-02 -4.618059877827060e-02 -0.000000000000000e+00 0.000000000000000e+00
5.148429432304343e-01 2.719674738120239e-04 5.180717143632372e-04 2.830274598884556e-02 -4.568703646452463e-02 -0.000000000000000e+00 0.000000000000000e+00
5.253499420718718e-01 4.410042736127670e-04 8.288565172050620e-04 2.405648689920021e-02 -4.381219074654222e-02 -0.000000000000000e+00 0.000000000000000e+00
5.358569409133092e-01 5.411553749419545e-04 1.103700062626055e-03 1.797553208859208e-02 -4.098287756904267e-02 -0.000000000000000e+00 0.000000000000000e+00
5.463639397547466e-01 5.833846475332795e-04 1.315212272922639e-03 1.035270770314684e-02 -3.758762576662310e-02 -0.000000000000000e+00 0.000000000000000e+00
5.568709385961841e-01 5.844158452472782e-04 1.443109471632413e-03 1.633137803107710e-03 -3.393356781904081e-02 -0.000000000000000e+00 0.000000000000000e+00
5.673779374376215e-01 5.638744548628035e-04 1.475775557324853e-03 -7.633540225671009e-03 -3.021929416890356e-02 -0.000000000000000e+00 0.000000000000000e+00
5.778849362790589e-01 5.412509255018618e-04 1.410776168771235e-03 -1.684789671577062e-02 -2.652598906138389e-02 -0.000000000000000e+00 0.000000000000000e+00
5.883919351204964e-01 5.330683384307294e-04 1.254375308574072e-03 -2.541604879995519e-02 -2.282677660620126e-02 0.000000000000000e+00 0.000000000000000e+00
5.988989339619338e-01 5.505969514096350e-04 1.020212781931965e-03 -3.279991423411236e-02 -1.901192959323412e-02 0.000000000000000e+00 0.000000000000000e+00
6.094059328033713e-01 5.983781889560250e-04 7.273799598220556e-04 -3.855787762538721e-02 -1.492569818260467e-02 0.000000000000000e+00 0.000000000000000e+00
6.199129316448087e-01 6.737123569601762e-04 3.981739621358589e-04 -4.237294731695403e-02 -1.040921402840812e-02 0.000000000000000e+00 0.000000000000000e+00
6.304199304862461e-01 7.671414847715442e-04 5.581468006159798e-05 -4.406720888738576e-02 -5.343352504124002e-03 0.000000000000000e+00 0.000000000000000e+00
6.409269293276836e-01 8.638363816404226e-04 -2.776216439169990e-04 -4.360302882545948e-02 3.143655683497893e-04 0.000000000000000e+00 0.000000000000000e+00
6.514339281691210e-01 9.456898154063909e-04 -5.828569254280497e-04 -4.107283580338681e-02 6.503831973637760e-03 0.000000000000000e+00 0.000000000000000e+00
6.619409270105584e-01 9.938379606879097e-04 -8.445343022977001e-04 -3.668026868429370e-02 1.305086411805396e-02 0.000000000000000e+00 0.000000000000000e+00
6.724479258519959e-01 9.912884972046627e-04 -1.051771975432294e-03 -3.071595949207362e-02 1.967178055936073e-02 0.000000000000000e+00 0.000000000000000e+00
6.829549246934333e-01 9.253299257275924e-04 -1.198186518687074e-03 -2.353121630897618e-02 2.599361575014545e-02 0.000000000000000e+00 0.000000000000000e+00
6.934619235348707e-01 7.894318294373413e-04 -1.281486038439051e-03 -1.551244973697733e-02 3.158762551067355e-02 0.000000000000000e+00 0.000000000000000e+00
7.039689223763081e-01 5.844143149340066e-04 -1.302773807657979e-03 -7.058460846671863e-03 3.601214241586071e-02 0.000000000000000e+00 0.000000000000000e+00
7.144759212177456e-01 3.187572961618572e-04 -1.265718618358914e-03 1.438178482094513e-03 3.885975962640906e-02 0.000000000000000e+00 -0.000000000000000e+00
7.249829200591831e-01 8.024702655860921e-06 -1.175739530724835e-03 9.605320097220208e-03 3.980336344543178e-02 0.000000000000000e+00 -0.000000000000000e+00
7.354899189006204e-01 -3.265177929446532e-04 -1.039323657274475e-03 1.710144981654136e-02 3.863573099542616e-02 0.000000000000000e+00 -0.000000000000000e+00
7.459969177420579e-01 -6.599225685966102e-04 -8.635523237763151e-04 2.362289953958261e-02 3.529821245903495e-02 0.000000000000000e+00 -0.000000000000000e+00
7.565039165834954e-01 -9.659813190517419e-04 -6.558610752260394e-04 2.890930502543168e-02 2.989530964180399e-02 0.000000000000000e+00 -0.000000000000000e+00
7.670109154249328e-01 -1.219774794453688e-03 -4.240105244250093e-04 3.274851261942593e-02 2.269357366789907e-02 0.000000000000000e+00 -0.000000000000000e+00
7.775179142663702e-01 -1.400074100544041e-03 -1.762051256377723e-04 3.498183586901280e-02 1.410497414169640e-02 0.000000000000000e+00 -0.000000000000000e+00
7.880249131078076e-01 -1.491344553417407e-03 7.872900470956053e-05 3.551007318375617e-02 4.656535815072771e-03 0.000000000000000e+00 -0.000000000000000e+00
7.985319119492451e-01 -1.485157796824472e-03 3.312050887539300e-04 3.430011947013933e-02 -5.050586620795074e-03 0.000000000000000e+00 -0.000000000000000e+00
8.090389107906826e-01 -1.380891448635997e-03 5.708650225453397e-04 3.139144558664771e-02 -1.438846075952875e-02 0.000000000000000e+00 -0.000000000000000e+00
8.195459096321199e-01 -1.185678160094643e-03 7.867630016466709e-04 2.690127942378498e-02 -2.275155128590161e-02 -0.000000000000000e+00 0.000000000000000e+00
8.300529084735574e-01 -9.136473658230934e-04 9.677748370260001e-04 2.102707946057920e-02 -2.960315862091078e-02 -0.000000000000000e+00 0.000000000000000e+00
8.405599073149949e-01 -5.845737147650049e-04 1.103224362755052e-03 1.404489166810768e-02 -3.451508204492405e-02 0.000000000000000e+00 0.000000000000000e+00
8.510669061564322e-01 -2.220987082839930e-04 1.183678951382264e-03 6.302432117792144e-03 -3.719736662031567e-02 0.000000000000000e+00 0.000000000000000e+00
8.615739049978697e-01 1.482782712477106e-04 1.201833077503836e-03 -1.793788032215771e-03 -3.751613949726765e-02 0.000000000000000e+00 0.000000000000000e+00
8.720809038393071e-01 5.012380732158590e-04 1.153376685344844e-03 -9.797341777544747e-03 -3.549878528466023e-02 0.000000000000000e+00 0.000000000000000e+00
8.825879026807446e-01 8.135249662686680e-04 1.037736732610159e-03 -1.724610000232758e-02 -3.132690466073465e-02 0.000000000000000e+00 0.000000000000000e+00
8.930949015221820e-01 1.065526506163624e-03 8.585866482857689e-04 -2.369040724599505e-02 -2.531851874594330e-02 0.000000000000000e+00 0.000000000000000e+00
9.036019003636194e-01 1.242449277240974e-03 6.240385338377734e-04 -2.872324889539100e-02 -1.790173278108137e-02 0.000000000000000e+00 0.000000000000000e+00
9.141088992050569e-01 1.335041915034001e-03 3.464640178220932e-04 -3.201002269092726e-02 -9.582509109792893e-03 0.000000000000000e+00 0.000000000000000e+00
9.246158980464944e-01 1.339866508267262e-03 4.192775437949344e-05 -3.331534652521452e-02 -9.093199416906913e-04 0.000000000000000e+00 0.000000000000000e+00
9.351228968879317e-01 1.259160622377391e-03 -2.707420100997415e-04 -3.252441440167958e-02 7.562705415275054e-03 0.000000000000000e+00 0.000000000000000e+00
9.456298957293692e-01 1.100360652441929e-03 -5.711832669640930e-04 -2.965674791451274e-02 1.530588558143596e-02 0.000000000000000e+00 0.000000000000000e+00
9.561368945708066e-01 8.753712091581521e-04 -8.389362750853664e-04 -2.487074835490826e-02 2.185057053483968e-02 0.000000000000000e+00 0.000000000000000e+00
9.666438934122441e-01 5.996653891796238e-04 -1.054969507578294e-03 -1.845817851129586e-02 2.681093774969712e-02 0.000000000000000e+00 -0.000000000000000e+00
9.771508922536815e-01 2.912898253443609e-04 -1.203168571394355e-03 -1.082852242304049e-02 2.990519582513341e-02 0.000000000000000e+00 -0.000000000000000e+00
9.876578910951189e-01 -3.016938142334596e-05 -1.271662409640709e-03 -2.484008536609991e-03 3.096975089067862e-02 0.000000000000000e+00 -0.000000000000000e+00
9.981648899365564e-01 -3.446234032280997e-04 -1.253873498041364e-03 6.013138079514021e-03 2.996713007565802e-02 0.000000000000000e+00 -0.000000000000000e+00
1.008671888777994e+00 -6.325003795934282e-04 -1.149200518237282e-03 1.407899109581540e-02 2.698758402796915e-02 0.000000000000000e+00 -0.000000000000000e+00
1.019178887619431e+00 -8.757383605978460e-04 -9.632706806110944e-04 2.114905813589122e-02 2.224434418996384e-02 0.000000000000000e+00 -0.000000000000000e+00
1.029685886460869e+00 -1.058742980534676e-03 -7.077317202006523e-04 2.671927046653973e-02 1.606254539785426e-02 0.000000000000000e+00 -0.000000000000000e+00
1.040192885302306e+00 -1.169293603210644e-03 -3.995878685960524e-04 3.038378613239481e-02 8.861900804573882e-03 0.000000000000000e+00 -0.000000000000000e+00
1.050699884143744e+00 -1.199366955295686e-03 -6.011736165134308e-05 3.186673043429880e-02 1.133386405871741e-03 0.000000000000000e+00 -0.000000000000000e+00
1.061206882985181e+00 -1.145829212755388e-03 2.865607440102808e-04 3.104536761918535e-02 -6.589511584549373e-03 -0.000000000000000e+00 0.000000000000000e+00
1.071713881826618e+00 -1.010930877302951e-03 6.151770548718432e-04 2.796274608435899e-02 -1.376400914901946e-02 -0.000000000000000e+00 0.000000000000000e+00
1.082220880668056e+00 -8.025285918461132e-04 9.011463450954755e-04 2.282855166313006e-02 -1.987419797326682e-02 -0.000000000000000e+00 0.000000000000000e+00
1.092727879509493e+00 -5.339586772168123e-04 1.122419466127157e-03 1.600769928521619e-02 -2.446812535462251e-02 0.000000000000000e+00 0.000000000000000e+00
1.103234878350931e+00 -2.235015324763928e-04 1.261219896001647e-03 7.997047908352102e-03 -2.719322178674598e-02 0.000000000000000e+00 0.000000000000000e+00
1.113741877192368e+00 1.065950859590752e-04 1.305533731165756e-03 -6.085109298169495e-04 -2.782716371724349e-02 0.000000000000000e+00 0.000000000000000e+00
1.124248876033806e+00 4.315241774421734e-04 1.250231658214571e-03 -9.158515354060811e-03 -2.630114982788376e-02 0.000000000000000e+00 0.000000000000000e+00
1.134755874875243e+00 7.256988186526649e-04 1.097719646815381e-03 -1.699513912963044e-02 -2.271277868598274e-02 0.000000000000000e+00 0.000000000000000e+00
1.145262873716681e+00 9.647894263026600e-04 8.580417892343682e-04 -2.350375135541774e-02 -1.732628256815594e-02 0.000000000000000e+00 0.000000000000000e+00
1.155769872558118e+00 1.127857352760921e-03 5.483933944074782e-04 -2.816205887361289e-02 -1.055878944404510e-02 0.000000000000000e+00 0.000000000000000e+00
1.166276871399555e+00 1.199387236143826e-03 1.920439394964091e-04 -3.058392970964231e-02 -2.952494397027319e-03 0.000000000000000e+00 0.000000000000000e+00
1.176783870240993e+00 1.171003700040466e-03 -1.832842725693317e-04 -3.055415338256452e-02 4.865983671707464e-03 0.000000000000000e+00 0.000000000000000e+00
1.187290869082430e+00 1.042665162865448e-03 -5.474879111754937e-04 -2.805086115356961e-02 1.223635036578144e-02 0.000000000000000e+00 0.000000000000000e+00
1.197797867923868e+00 8.231607256670169e-04 -8.704651795243498e-04 -2.325310516947292e-02 1.852147556105765e-02 0.000000000000000e+00 0.000000000000000e+00
1.208304866765305e+00 5.297940830172641e-04 -1.124630239171632e-03 -1.653215137979635e-02 2.316530893662425e-02 0.000000000000000e+00 -0.000000000000000e+00
1.218811865606743e+00 1.872164314234769e-04 -1.287352764321910e-03 -8.426317929793845e-03 2.574630703918548e-02 0.000000000000000e+00 -0.000000000000000e+00
1.229318864448180e+00 -1.745393531587922e-04 -1.343103835691593e-03 3.994009069307869e-04 2.602082253675223e-02 0.000000000000000e+00 -0.000000000000000e+00
1.239825863289617e+00 -5.226784886813113e-04 -1.285096553280922e-03 9.206260738824027e-03 2.395153478061880e-02 0.000000000000000e+00 -0.000000000000000e+00
1.250332862131055e+00 -8.246896736013224e-04 -1.116238028367857e-03 1.724327120131342e-02 1.971722195719201e-02 0.000000000000000e+00 -0.000000000000000e+00
1.260839860972492e+00 -1.051524029171990e-03 -8.492586161422649e-04 2.381225534163346e-02 1.370189428482410e-02 0.000000000000000e+00 -0.000000000000000e+00
1.271346859813930e+00 -1.180580841660544e-03 -5.059517886157786e-04 2.833077651131893e-02 6.463362966025353e-03 0.000000000000000e+00 -0.000000000000000e+00
1.281853858655367e+00 -1.198173868125125e-03 -1.155389044172929e-04 3.038707149078413e-02 -1.316502630740589e-03 0.000000000000000e+00 -0.000000000000000e+00
1.292360857496805e+00 -1.101189946954479e-03 2.877398724882351e-04 2.978151110743626e-02 -8.895518937955989e-03 0.000000000000000e+00 -0.000000000000000e+00
1.302867856338242e+00 -8.977248673996242e-04 6.676228672220480e-04 2.655006034842311e-02 -1.554292682916140e-02 -0.000000000000000e+00 0.000000000000000e+00
1.313374855179679e+00 -6.065832532176460e-04 9.891544278254625e-04 2.096668081674492e-02 -2.061199855359049e-02 0.000000000000000e+00 0.000000000000000e+00
1.323881854021117e+00 -2.556491343470018e-04 1.222033503047346e-03 1.352349990439563e-02 -2.360599981151895e-02 0.000000000000000e+00 0.000000000000000e+00
1.334388852862554e+00 1.207412617752462e-04 1.343651506257625e-03 4.889698696563128e-03 -2.423041907972015e-02 0.000000000000000e+00 0.000000000000000e+00
1.344895851703992e+00 4.851775578967207e-04 1.341498759353069e-03 -4.147761773787961e-03 -2.242560111276870e-02 0.000000000000000e+00 0.000000000000000e+00
1.355402850545429e+00 8.009650913547349e-04 1.214664990025492e-03 -1.275647654396246e-02 -1.837583954678465e-02 0.000000000000000e+00 0.000000000000000e+00
1.365909849386867e+00 1.035930479972598e-03 9.742382355754839e-04 -2.013732878028103e-02 -1.249340334907769e-02 0.000000000000000e+00 0.000000000000000e+00
1.376416848228304e+00 1.165832602888149e-03 6.425116675648301e-04 -2.560199371684007e-02 -5.378636675206265e-03 0.000000000000000e+00 0.000000000000000e+00
1.386923847069741e+00 1.177000575216537e-03 2.510293268922545e-04 -2.864138330185021e-02 2.240112562754816e-03 0.000000000000000e+00 0.000000000000000e+00
1.397430845911179e+00 1.067895958068644e-03 -1.623730461259495e-04 -2.897781171959165e-02 9.580711168667561e-03 0.000000000000000e+00 0.000000000000000e+00
1.407937844752616e+00 8.494084172758558e-04 -5.572608909962750e-04 -2.659507139444239e-02 1.588792605831593e-02 0.000000000000000e+00 0.000000000000000e+00
1.418444843594054e+00 5.438303404222766e-04 -8.946650287883893e-04 -2.174270509784954e-02 2.051205618576528e-02 0.000000000000000e+00 -0.000000000000000e+00
1.428951842435491e+00 1.826013819705553e-04 -1.141099142258726e-03 -1.491334669363291e-02 2.297707917028626e-02 0.000000000000000e+00 -0.000000000000000e+00
1.439458841276929e+00 -1.969480654060954e-04 -1.272100631000992e-03 -6.794818689818492e-03 2.303090672667076e-02 0.000000000000000e+00 -0.000000000000000e+00
1.449965840118366e+00 -5.555109551736570e-04 -1.274900490550772e-03 1.798582866507420e-03 2.067220685549306e-02 0.000000000000000e+00 -0.000000000000000e+00
1.460472838959804e+00 -8.559543220325111e-04 -1.149909088246377e-03 1.000882525127478e-02 1.615075466637162e-02 0.000000000000000e+00 -0.000000000000000e+00
1.470979837801241e+00 -1.067255010327543e-03 -9.108244236008544e-04 1.702240820837934e-02 9.941142906707981e-03 0.000000000000000e+00 -0.000000000000000e+00
1.481486836642678e+00 -1.167788796017025e-03 -5.833156198538373e-04 2.215485578344141e-02 2.692597067545935e-03 0.000000000000000e+00 -0.000000000000000e+00
1.491993835484116e+00 -1.147610444141786e-03 -2.023912820558295e-04 2.492230476611682e-02 -4.839731298580821e-03 0.000000000000000e+00 -0.000000000000000e+00
1.502500834325553e+00 -1.009472969928746e-03 1.912876975689519e-04 2.509226570008035e-02 -1.187457576567643e-02 0.000000000000000e+00 -0.000000000000000e+00
1.513007833166991e+00 -7.684742373503965e-04 5.557659079955252e-04 2.270775110120400e-02 -1.768683000206941e-02 0.000000000000000e+00 -0.000000000000000e+00
1.523514832008428e+00 -4.503720753917984e-04 8.523513502367001e-04 1.808178938522018e-02 -2.168338458004730e-02 0.000000000000000e+00 -0.000000000000000e+00
1.534021830849866e+00 -8.875771922852620e-05 1.049868949455731e-03 1.176257161712545e-02 -2.346435644754046e-02 0.000000000000000e+00 0.000000000000000e+00
1.544528829691303e+00 2.785955701688020e-04 1.128127812222856e-03 4.472754248954515e-03 -2.286318580665925e-02 0.000000000000000e+00 0.000000000000000e+00
1.555035828532740e+00 6.138010665916854e-04 1.080199172198141e-03 -2.970609542025264e-03 -1.996144223201203e-02 0.000000000000000e+00 0.000000000000000e+00
1.565542827374178e+00 8.828925904269712e-04 9.132292363312071e-04 -9.746761664516377e-03 -1.507700077985648e-02 0.000000000000000e+00 0.000000000000000e+00
1.576049826215615e+00 1.059379813637303e-03 6.476733713328013e-04 -1.512248243589565e-02 -8.727196732914366e-03 0.000000000000000e+00 0.000000000000000e+00
1.586556825057053e+00 1.126938812682607e-03 3.150171706212120e-04 -1.853361729004435e-02 -1.571308065564396e-03 0.000000000000000e+00 0.000000000000000e+00
1.597063823898490e+00 1.080953432188537e-03 -4.577469222155212e-05 -1.964759631888950e-02 5.661062794401203e-03 0.000000000000000e+00 0.000000000000000e+00
1.607570822739928e+00 9.287560050226738e-04 -3.926900097895816e-04 -1.839971832324224e-02 1.224768002877742e-02 0.000000000000000e+00 0.000000000000000e+00
1.618077821581365e+00 6.885646068673307e-04 -6.854810697705819e-04 -1.499889900486621e-02 1.754887755678981e-02 0.000000000000000e+00 0.000000000000000e+00
1.628584820422802e+00 3.872608728515619e-04 -8.903056424425456e-04 -9.902051016073169e-03 2.107215248222580e-02 0.000000000000000e+00 0.000000000000000e+00
1.639091819264240e+00 5.728042466704251e-05 -9.836575603468173e-04 -3.759875783624975e-03 2.251937308275143e-02 0.000000000000000e+00 0.000000000000000e+00
1.649598818105677e+00 -2.670174763614450e-04 -9.551232526942083e-04 2.659817435930443e-03 2.181190904664632e-02 0.000000000000000e+00 0.000000000000000e+00
1.660105816947115e+00 -5.530838020445434e-04 -8.086320927658368e-04 8.562486765406479e-03 1.909156002773215e-02 0.000000000000000e+00 -0.000000000000000e+00
1.670612815788552e+00 -7.735983388971859e-04 -5.620410371380757e-04 1.322048120260514e-02 1.469790703099473e-02 0.000000000000000e+00 -0.000000000000000e+00
1.681119814629990e+00 -9.092008915346513e-04 -2.450879274402027e-04 1.605900480115298e-02 9.125319536493202e-03 0.000000000000000e+00 -0.000000000000000e+00
1.691626813471427e+00 -9.502515683743877e-04 1.040597763804552e-04 1.672432841156471e-02 2.965022352609159e-03 0.000000000000000e+00 -0.000000000000000e+00
1.702133812312864e+00 -8.974556489769291e-04 4.432661330717628e-04 1.512616583095909e-02 -3.160879615235461e-03 0.000000000000000e+00 -0.000000000000000e+00
1.712640811154302e+00 -7.613233410983506e-04 7.313799722045096e-04 1.144911246203716e-02 -8.665857773695209e-03 0.000000000000000e+00 -0.000000000000000e+00
1.723147809995739e+00 -5.605690375048017e-04 9.330996330165241e-04 6.131654027137159e-03 -1.305855830737857e-02 0.000000000000000e+00 -0.000000000000000e+00
1.733654808837177e+00 -3.196726454645791e-04 1.023174150186192e-03 -1.849318740572143e-04 -1.598925736462336e-02 0.000000000000000e+00 -0.000000000000000e+00
1.744161807678614e+00 -6.591370577515322e-05 9.894400278662261e-04 -6.731889455157544e-03 -1.727862422000205e-02 0.000000000000000e+00 -0.000000000000000e+00
1.754668806520052e+00 1.737622020874534e-04 8.343273657704156e-04 -1.270372613190435e-02 -1.692643756846959e-02 0.000000000000000e+00 -0.000000000000000e+00
1.765175805361489e+00 3.756804011810653e-04 5.746486107532294e-04 -1.735372283077044e-02 -1.510027863405176e-02 0.000000000000000e+00 -0.000000000000000e+00
1.775682804202927e+00 5.218511928702764e-04 2.396864452378581e-04 -2.008293891219998e-02 -1.210650224013187e-02 0.000000000000000e+00 -0.000000000000000e+00
1.786189803044364e+00 6.016099821964986e-04 -1.321999632394287e-04 -2.051216001334230e-02 -8.347699512844593e-03 0.000000000000000e+00 0.000000000000000e+00
1.796696801885801e+00 6.123341245105700e-04 -4.980533648435965e-04 -1.852822002575474e-02 -4.272202620657355e-03 0.000000000000000e+00 0.000000000000000e+00
1.807203800727239e+00 5.592023207456994e-04 -8.153533045188821e-04 -1.429914150618211e-02 -3.218088656286781e-04 0.000000000000000e+00 0.000000000000000e+00
1.817710799568676e+00 4.540765418410330e-04 -1.047010821508225e-03 -8.256226268969227e-03 3.116225020272119e-03 0.000000000000000e+00 0.000000000000000e+00
1.828217798410114e+00 3.136858571894265e-04 -1.165729215999686e-03 -1.045150431275302e-03 5.747698371752476e-03 0.000000000000000e+00 0.000000000000000e+00
1.838724797251551e+00 1.573647497693403e-04 -1.157211430920354e-03 6.548194281970184e-03 7.396675026520264e-03 0.000000000000000e+00 0.000000000000000e+00
1.849231796092989e+00 4.637762440298272e-06 -1.021831657437615e-03 1.368836254971392e-02 8.015347507087885e-03 0.000000000000000e+00 0.000000000000000e+00
1.859738794934426e+00 -1.270556190022581e-04 -7.745722521201435e-04 1.958680436823587e-02 7.678443085115662e-03 0.000000000000000e+00 0.000000000000000e+00
1.870245793775863e+00 -2.242355889732022e-04 -4.432348774349556e-04 2.359269993283566e-02 6.563885273952340e-03 0.000000000000000e+00 0.000000000000000e+00
1.880752792617301e+00 -2.786593851181085e-04 -6.514180712173667e-05 2.526746088075392e-02 4.922939421984450e-03 0.000000000000000e+00 0.000000000000000e+00
1.891259791458738e+00 -2.878886250329343e-04 3.172755599594372e-04 2.443414450748374e-02 3.044106705757361e-03 0.000000000000000e+00 0.000000000000000e+00
1.901766790300176e+00 -2.551268846906376e-04 6.614708048813183e-04 2.119604175402397e-02 1.215487531047732e-03 0.000000000000000e+00 0.000000000000000e+00
1.912273789141613e+00 -1.883977840814945e-04 9.297601212457136e-04 1.592239752357233e-02 -3.098091690793266e-04 0.000000000000000e+00 0.000000000000000e+00
1.922780787983051e+00 -9.920970681582330e-05 1.093688090071056e-03 9.203155605170141e-03 -1.341326105968598e-03 0.000000000000000e+00 0.000000000000000e+00
1.933287786824488e+00 -9.062570321845046e-07 1.137262079502391e-03 1.778313885875802e-03 -1.769222340571503e-03 0.000000000000000e+00 0.000000000000000e+00
1.943794785665925e+00 9.307372714766801e-05 1.058674478051941e-03 -5.549518101018035e-03 -1.571158569522390e-03 0.000000000000000e+00 0.000000000000000e+00
1.954301784507363e+00 1.708077932797023e-04 8.703165438147237e-04 -1.200881042746060e-02 -8.081714628587527e-04 0.000000000000000e+00 0.000000000000000e+00
1.964808783348800e+00 2.231865974112548e-04 5.970954437085045e-04 -1.694783063062385e-02 3.890580844614441e-04 -0.000000000000000e+00 0.000000000000000e+00
1.975315782190238e+00 2.447628915618442e-04 2.732716049110289e-04 -1.990785296885230e-02 1.841078534925591e-03 -0.000000000000000e+00 0.000000000000000e+00
1.985822781031675e+00 2.340867126528494e-04 -6.178834429430976e-05 -2.067228163489945e-02 3.344551480281388e-03 -0.000000000000000e+00 0.000000000000000e+00
1.996329779873113e+00 1.935310011776045e-04 -3.684187386146487e-04 -1.928609452164944e-02 4.697795156724719e-03 -0.000000000000000e+00 0.000000000000000e+00
2.006836778714550e+00 1.286762172616844e-04 -6.114335718809871e-04 -1.604365527512682e-02 5.723861186674423e-03 -0.000000000000000e+00 0.000000000000000e+00
2.017343777555987e+00 4.737280563538311e-05 -7.642962582668655e-04 -1.144679157570242e-02 6.288620888201622e-03 -0.000000000000000e+00 0.000000000000000e+00
2.027850776397425e+00 -4.136912480470978e-05 -8.121791343145530e-04 -6.138625315514780e-03 6.312209606805488e-03 -0.000000000000000e+00 0.000000000000000e+00
2.038357775238862e+00 -1.285054701256960e-04 -7.535514597508873e-04 -8.215286770298641e-04 5.773181004605487e-03 0.000000000000000e+00 -0.000000000000000e+00
2.048864774080300e+00 -2.059555132746855e-04 -6.001181151684717e-04 3.830579531081249e-03 4.705712552445405e-03 0.000000000000000e+00 -0.000000000000000e+00
2.059371772921737e+00 -2.673594928888605e-04 -3.751351331299631e-04 7.254808270497288e-03 3.191045943117849e-03 0.000000000000000e+00 -0.000000000000000e+00
2.069878771763175e+00 -3.085293591392023e-04 -1.103273527833237e-04 9.066702066412054e-03 1.344939603922658e-03 0.000000000000000e+00 -0.000000000000000e+00
2.080385770604612e+00 -3.275753906262758e-04 1.581966979273486e-04 9.104419791192789e-03 -6.968043523621281e-04 0.000000000000000e+00 -0.000000000000000e+00
2.090892769446050e+00 -3.247386351836471e-04 3.945178950407697e-04 7.444567140646313e-03 -2.792710273907150e-03 0.000000000000000e+00 -0.000000000000000e+00
2.101399768287487e+00 -3.019973405711580e-04 5.673976566795348e-04 4.388109945785299e-03 -4.808184429017170e-03 0.000000000000000e+00 -0.000000000000000e+00
2.111906767128925e+00 -2.625397211270658e-04 6.541329650959447e-04 4.184972918695177e-04 -6.625068559082452e-03 0.000000000000000e+00 -0.000000000000000e+00
2.122413765970362e+00 -2.102030248656032e-04 6.433052731412876e-04 -3.862475189304482e-03 -8.147636654785110e-03 0.000000000000000e+00 -0.000000000000000e+00
2.132920764811800e+00 -1.489700413461496e-04 5.360948666778687e-04 -7.812847387789814e-03 -9.305111470769342e-03 0.000000000000000e+00 -0.000000000000000e+00
2.143427763653237e+00 -8.259155709498056e-05 3.460131939028947e-04 -1.083286540291261e-02 -1.005130736874653e-02 0.000000000000000e+00 0.000000000000000e+00
2.153934762494674e+00 -1.437145758813138e-05 9.710318223130350e-05 -1.244127634238910e-02 -1.036235788755675e-02 0.000000000000000e+00 0.000000000000000e+00
2.164441761336112e+00 5.288396494486325e-05 -1.791530348679352e-04 -1.233614749729344e-02 -1.023361721039438e-02 0.000000000000000e+00 0.000000000000000e+00
2.174948760177549e+00 1.167833129156627e-04 -4.478217284960738e-04 -1.043282745689116e-02 -9.676730953321999e-03 0.000000000000000e+00 0.000000000000000e+00
2.185455759018986e+00 1.751890283154576e-04 -6.748963397513593e-04 -6.874574845347324e-03 -8.717588063751917e-03 0.000000000000000e+00 0.000000000000000e+00
2.195962757860424e+00 2.260452281504833e-04 -8.315199997351561e-04 -2.014809740254469e-03 -7.395457716203587e-03 0.000000000000000e+00 0.000000000000000e+00
2.206469756701861e+00 2.672601431672973e-04 -8.975296488682124e-04 3.626536938626864e-03 -5.763167729204217e-03 0.000000000000000e+00 0.000000000000000e+00
2.216976755543299e+00 2.966941991327570e-04 -8.638894723323143e-04 9.426926813439103e-03 -3.887783588976982e-03 0.000000000000000e+00 0.000000000000000e+00
2.227483754384736e+00 3.122797883669658e-04 -7.337240049141392e-04 1.473728258551502e-02 -1.850978551854030e-03 0.000000000000000e+00 0.000000000000000e+00
2.237990753226174e+00 3.122680265572124e-04 -5.218383294506541e-04 1.896072497145816e-02 2.517992767336001e-04 0.000000000000000e+00 0.000000000000000e+00
2.248497752067611e+00 2.955668214094683e-04 -2.528018589484861e-04 2.162426376085156e-02 2.314135272315565e-03 0.000000000000000e+00 0.000000000000000e+00
2.259004750909049e+00 2.621090286478663e-04 4.215044463767743e-05 2.243471521186198e-02 4.223891056173121e-03 0.000000000000000e+00 0.000000000000000e+00
2.269511749750486e+00 2.131741430005246e-04 3.290018770776518e-04 2.131217113592914e-02 5.870885242228984e-03 0.000000000000000e+00 0.000000000000000e+00
2.280018748591924e+00 1.515850552954866e-04 5.751327967678200e-04 1.839719656242577e-02 7.156494846328949e-03 0.000000000000000e+00 0.000000000000000e+00
2.290525747433361e+00 8.171392900502701e-05 7.532740211092001e-04 1.403121877214792e-02 8.004165554806543e-03 0.000000000000000e+00 0.000000000000000e+00
2.301032746274798e+00 9.256865477106002e-06 8.447491560639745e-04 8.712877495001548e-03 8.369442968938847e-03 0.000000000000000e+00 0.000000000000000e+00
2.311539745116236e+00 -5.922782528554226e-05 8.416149135785501e-04 3.036023907013060e-03 8.247956370025747e-03 0.000000000000000e+00 0.000000000000000e+00
2.322046743957673e+00 -1.169835277222611e-04 7.474505504403067e-04 -2.382771432081384e-03 7.679850496937006e-03 0.000000000000000e+00 0.000000000000000e+00
2.332553742799111e+00 -1.578497271093409e-04 5.767186458242598e-04 -6.978172759235114e-03 6.749481083548106e-03 0.000000000000000e+00 0.000000000000000e+00
2.343060741640548e+00 -1.770859542628515e-04 3.527977769297065e-04 -1.030243109704510e-02 5.579737453413632e-03 0.000000000000000e+00 0.000000000000000e+00
2.353567740481985e+00 -1.721083931789267e-04 1.049508942727344e-04 -1.207615457114285e-02 4.321063135180596e-03 0.000000000000000e+00 0.000000000000000e+00
2.364074739323423e+00 -1.430231607243406e-04 -1.353788158144251e-04 -1.221757019751600e-02 3.136016520354868e-03 0.000000000000000e+00 0.000000000000000e+00
2.374581738164860e+00 -9.285894621601315e-05 -3.384755184550747e-04 -1.084710028408806e-02 2.180935218486553e-03 0.000000000000000e+00 0.000000000000000e+00
2.385088737006298e+00 -2.743651035659422e-05 -4.799750182605511e-04 -8.267171182167033e-03 1.586827468576569e-03 0.000000000000000e+00 0.000000000000000e+00
2.395595735847735e+00 4.514069394027793e-05 -5.437621870075765e-04 -4.920221519532339e-03 1.441916535671657e-03 -0.000000000000000e+00 0.000000000000000e+00
2.406102734689173e+00 1.153379839148942e-04 -5.237956734191875e-04 -1.330503774494841e-03 1.778246626179409e-03 -0.000000000000000e+00 0.000000000000000e+00
2.416609733530610e+00 1.732952468003264e-04 -4.246531713471613e-04 1.962841104034837e-03 2.564401903227209e-03 -0.000000000000000e+00 0.000000000000000e+00
2.427116732372048e+00 2.100574509402755e-04 -2.607530231763688e-04 4.473031582542243e-03 3.705722267155458e-03 -0.000000000000000e+00 0.000000000000000e+00
2.437623731213485e+00 2.187739727810478e-04 -5.437310990594408e-05 5.824944297741380e-03 5.052495573742923e-03 -0.000000000000000e+00 0.000000000000000e+00
2.448130730054923e+00 1.957047948709641e-04 1.672648503275162e-04 5.799345288136715e-03 6.415578415319151e-03 -0.000000000000000e+00 0.000000000000000e+00
2.458637728896360e+00 1.408877369420912e-04 3.754663735337528e-04 4.356945434362121e-03 7.587882243949013e-03 -0.000000000000000e+00 0.000000000000000e+00
2.469144727737797e+00 5.835802891001408e-05 5.436496274563179e-04 1.639771719568123e-03 8.369299211349789e-03 0.000000000000000e+00 -0.000000000000000e+00
2.479651726579235e+00 -4.413440795152999e-05 6.505984805353179e-04 -2.049799701879641e-03 8.592058737102887e-03 0.000000000000000e+00 -0.000000000000000e+00
2.490158725420672e+00 -1.559003105833173e-04 6.829865412948581e-04 -6.289253849706507e-03 8.143294698313869e-03 0.000000000000000e+00 -0.000000000000000e+00
2.500665724262110e+00 -2.645032368183072e-04 6.368740591990781e-04 -1.058999204144510e-02 6.981810291397284e-03 0.000000000000000e+00 -0.000000000000000e+00
2.511172723103547e+00 -3.572336766484077e-04 5.180132501774656e-04 -1.445825078830783e-02 5.146643735162396e-03 0.000000000000000e+00 -0.000000000000000e+00
2.521679721944984e+00 -4.226866539219060e-04 3.409490743763146e-04 -1.745522304682720e-02 2.755997646632710e-03 0.000000000000000e+00 -0.000000000000000e+00
2.532186720786422e+00 -4.522427622953915e-04 1.270524420740930e-04 -1.924900582926242e-02 -3.716416379630630e-06 0.000000000000000e+00 -0.000000000000000e+00
2.542693719627859e+00 -4.412567593967608e-04 -9.824744946851449e-05 -1.965219126304444e-02 -2.897698803800712e-03 0.000000000000000e+00 0.000000000000000e+00
2.553200718469297e+00 -3.897882178065606e-04 -3.086712229102374e-04 -1.864084878602744e-02 -5.669247026759566e-03 0.000000000000000e+00 0.000000000000000e+00
2.563707717310734e+00 -3.027621891304297e-04 -4.803306640386514e-04 -1.635305600771740e-02 -8.069769016308001e-03 0.000000000000000e+00 0.000000000000000e+00
2.574214716152172e+00 -1.895180544550457e-04 -5.946010693985563e-04 -1.306771292255648e-02 -9.888630721024680e-03 0.000000000000000e+00 0.000000000000000e+00
2.584721714993609e+00 -6.278293619665169e-05 -6.402773250256592e-04 -9.166793409489043e-03 -1.097905097883115e-02 0.000000000000000e+00 0.000000000000000e+00
2.595228713835047e+00 6.281787982921986e-05 -6.147633869585564e-04 -5.086151890828539e-03 -1.127665367465387e-02 -0.000000000000000e+00 0.000000000000000e+00
2.605735712676484e+00 1.725372462820165e-04 -5.241706891056219e-04 -1.261278684953730e-03 -1.080813705234586e-02 -0.000000000000000e+00 0.000000000000000e+00
2.616242711517921e+00 2.533501435795956e-04 -3.823393792714720e-04 1.925155955340096e-03 -9.688724015040437e-03 -0.000000000000000e+00 0.000000000000000e+00
2.626749710359359e+00 2.956308381116907e-04 -2.089296109292482e-04 4.187545428866235e-03 -8.108467243120511e-03 -0.000000000000000e+00 0.000000000000000e+00
2.637256709200796e+00 2.944432992359085e-04 -2.684188751705407e-05 5.368158127795284e-03 -6.308919930629372e-03 0.000000000000000e+00 -0.000000000000000e+00
2.647763708042234e+00 2.502685698529527e-04 1.406977369525529e-04 5.451116287704696e-03 -4.552959835508205e-03 0.000000000000000e+00 -0.000000000000000e+00
2.658270706883671e+00 1.690604532348187e-04 2.730186400983039e-04 4.558333457568415e-03 -3.091500630223825e-03 0.000000000000000e+00 -0.000000000000000e+00
2.668777705725109e+00 6.160440130131079e-05 3.544973373776232e-04 2.928480995682259e-03 -2.131309072713164e-03 0.000000000000000e+00 -0.000000000000000e+00
2.679284704566546e+00 -5.775660487190284e-05 3.763617077074739e-04 8.821343942772510e-04 -1.808095603387357e-03 0.000000000000000e+00 -0.000000000000000e+00
2.689791703407983e+00 -1.728825096537987e-04 3.376022484759188e-04 -1.222122058627737e-03 -2.168454242474705e-03 0.000000000000000e+00 -0.000000000000000e+00
2.700298702249421e+00 -2.678703067949768e-04 2.449005509622529e-04 -3.034868630195008e-03 -3.163160122503556e-03 0.000000000000000e+00 -0.000000000000000e+00
2.710805701090858e+00 -3.291089559220622e-04 1.116088289739949e-04 -4.260299296210828e-03 -4.652917877034676e-03 0.000000000000000e+00 0.000000000000000e+00
2.721312699932296e+00 -3.470935113249128e-04 -4.406963222027918e-05 -4.692460188988327e-03 -6.426067308990664e-03 0.000000000000000e+00 0.000000000000000e+00
2.731819698773733e+00 -3.177614441516526e-04 -2.014549701178787e-04 -4.238974107070953e-03 -8.226195764681541e-03 0.000000000000000e+00 0.000000000000000e+00
2.742326697615171e+00 -2.431694609755773e-04 -3.400145640442404e-04 -2.929631418729236e-03 -9.786280771203455e-03 0.000000000000000e+00 0.000000000000000e+00
2.752833696456608e+00 -1.314086950947342e-04 -4.419084641466665e-04 -9.091871470660299e-04 -1.086506680936626e-02 0.000000000000000e+00 0.000000000000000e+00
2.763340695298046e+00 4.249759484834158e-06 -4.941475010338883e-04 1.584312238957296e-03 -1.128099230015716e-02 0.000000000000000e+00 0.000000000000000e+00
2.773847694139483e+00 1.468901306717003e-04 -4.901111854296082e-04 4.252587276777395e-03 -1.093918636573978e-02 0.000000000000000e+00 0.000000000000000e+00
2.784354692980920e+00 2.779918474524409e-04 -4.302576754436465e-04 6.777155617969326e-03 -9.847834152654658e-03 0.000000000000000e+00 0.000000000000000e+00
2.794861691822358e+00 3.797311304242989e-04 -3.219609396723092e-04 8.861174682379140e-03 -8.121475016715793e-03 0.000000000000000e+00 0.000000000000000e+00
2.805368690663795e+00 4.372641819479401e-04 -1.785175561950843e-04 1.026784799476500e-02 -5.970396838785084e-03 0.000000000000000e+00 0.000000000000000e+00
2.815875689505233e+00 4.407091569482471e-04 -1.746408134458556e-05 1.085070160374339e-02 -3.677024813951633e-03 0.000000000000000e+00 0.000000000000000e+00
2.826382688346670e+00 3.865766588980151e-04 1.415760814542892e-04 1.057214749479281e-02 -1.561857114713749e-03 0.000000000000000e+00 0.000000000000000e+00
2.836889687188108e+00 2.784626270778334e-04 2.792485716620710e-04 9.508262074045658e-03 5.713648265352392e-05 -0.000000000000000e+00 0.000000000000000e+00
2.847396686029545e+00 1.269054214447359e-04 3.787440925378689e-04 7.839421932725736e-03 9.068384279394252e-04 -0.000000000000000e+00 0.000000000000000e+00
2.857903684870982e+00 -5.159013715665108e-05 4.277313423314474e-04 5.828141643099636e-03 7.978995724650629e-04 -0.000000000000000e+00 0.000000000000000e+00
2.868410683712420e+00 -2.362575718010694e-04 4.197334863560563e-04 3.786945036722111e-03 -3.445696696799305e-04 -0.000000000000000e+00 0.000000000000000e+00
2.878917682553857e+00 -4.043089160701277e-04 3.548077010731958e-04 2.040203012936049e-03 -2.462442834251829e-03 0.000000000000000e+00 -0.000000000000000e+00
2.889424681395295e+00 -5.334508059025826e-04 2.394734246796859e-04 8.844723012513124e-04 -5.360670775978099e-03 0.000000000000000e+00 -0.000000000000000e+00
2.899931680236732e+00 -6.043827079338387e-04 8.592330275591455e-05 5.519212494542201e-04 -8.718828457014495e-03 0.000000000000000e+00 -0.000000000000000e+00
2.910438679078170e+00 -6.029850577052982e-04 -8.936921392610134e-05 1.180949444410053e-03 -1.211709979058349e-02 0.000000000000000e+00 -0.000000000000000e+00
2.920945677919607e+00 -5.219423595040024e-04 -2.674690934798263e-04 2.797178977456750e-03 -1.507398254345127e-02 0.000000000000000e+00 -0.000000000000000e+00
2.931452676761044e+00 -3.616146084165017e-04 -4.290104406491383e-04 5.306746598335420e-03 -1.709161810494050e-02 0.000000000000000e+00 0.000000000000000e+00
2.941959675602482e+00 -1.300611548196731e-04 -5.562114273133413e-04 8.502418271676105e-03 -1.770376744980112e-02 0.000000000000000e+00 0.000000000000000e+00
2.952466674443919e+00 1.577770362789466e-04 -6.346606791081080e-04 1.208165006966790e-02 -1.652117108696681e-02 0.000000000000000e+00 0.000000000000000e+00
2.962973673285357e+00 4.816306023796936e-04 -6.546998076558851e-04 1.567448902023197e-02 -1.326937811761618e-02 0.000000000000000e+00 0.000000000000000e+00
2.973480672126794e+00 8.179982842032855e-04 -6.122810805877220e-04 1.887827125002355e-02 -7.815059705819718e-03 0.000000000000000e+00 0.000000000000000e+00
2.983987670968232e+00 1.142533167273241e-03 -5.092427479200987e-04 2.129551587236240e-02 -1.782147822488986e-04 0.000000000000000e+00 0.000000000000000e+00
2.994494669809669e+00 1.432435891685925e-03 -3.530091798298574e-04 2.257126487556457e-02 9.470646668895083e-03 0.000000000000000e+00 0.000000000000000e+00
3.005001668651107e+00 1.668578228676627e-03 -1.557811865467396e-04 2.242636520342379e-02 2.082750611052185e-02 0.000000000000000e+00 0.000000000000000e+00
3.015508667492544e+00 1.837120755918254e-03 6.667235365414437e-05 2.068376932776980e-02 3.348358117678554e-02 0.000000000000000e+00 0.000000000000000e+00
3.026015666333981e+00 1.930457285304775e-03 2.964810509513932e-04 1.728575294753944e-02 4.696210355150580e-02 0.000000000000000e+00 0.000000000000000e+00
3.036522665175419e+00 1.947407042144428e-03 5.152457164728237e-04 1.230090350271466e-02 6.075864795610961e-02 0.000000000000000e+00 0.000000000000000e+00
3.047029664016856e+00 1.892671807796784e-03 7.055706628423071e-04 5.920709139139289e-03 7.438033596446732e-02 0.000000000000000e+00 0.000000000000000e+00
3.057536662858294e+00 1.775666878352726e-03 8.524285916593842e-04 -1.553525622469244e-03 8.737963376046548e-02 0.000000000000000e+00 0.000000000000000e+00
3.068043661699731e+00 1.608910045288039e-03 9.442604934732468e-04 -9.731971790498112e-03 9.937938296017836e-02 0.000000000000000e+00 0.000000000000000e+00
3.078550660541169e+00 1.406202391820714e-03 9.737473988670356e-04 -1.816377625778736e-02 1.100870164940635e-01 -0.000000000000000e+00 0.000000000000000e+00
3.089057659382606e+00 1.180852491644402e-03 9.382254871626091e-04 -2.636846249161010e-02 1.192974366461870e-01 -0.000000000000000e+00 0.000000000000000e+00
3.099564658224043e+00 9.441797742486474e-04 8.397470492851069e-04 -3.386882943070398e-02 1.268855641885095e-01 -0.000000000000000e+00 0.000000000000000e+00
3.110071657065481e+00 7.044859802424704e-04 6.848144494786434e-04 -4.022303669269787e-02 1.327909029250319e-01 -0.000000000000000e+00 0.000000000000000e+00
3.120578655906918e+00 4.666124184699275e-04 4.838313543829005e-04 -4.505379523135812e-02 1.369974286168243e-01 -0.000000000000000e+00 0.000000000000000e+00
3.131085654748356e+00 2.321149580921078e-04 2.503253462430121e-04 -4.807290747858409e-02 1.395125826004907e-01 -0.000000000000000e+00 0.000000000000000e+00
3.141592653589793e+00 0.000000000000000e+00 0.000000000000000e+00 -4.909977745443098e-02 1.403490733139893e-01 -0.000000000000000e+00 0.000000000000000e+00
